0.3941275122544073	0.22560600989614696	0.14134525871701684	0.23892121913242892
0.4009350296380903	0.2230805114162824	0.13806876510780974	0.23791569383781752
0.39718943077819613	0.22975001049665297	0.1356797080190492	0.23738085070610163
0.396193120966562	0.22840160477467675	0.13752320702297147	0.2378820672357898
0.3886590193778487	0.22997815221636037	0.1424070950476558	0.23895573335813522
0.38022060191651413	0.23797750159429804	0.14285257028106102	0.23894932620812687
0.3550127586828944	0.25223459041701024	0.15177326048579104	0.24097939041430438
0.34260519464177	0.2509381999259405	0.16432922706232037	0.24212737836996923
0.3418390749977218	0.2575377678874896	0.16519047086151822	0.23543268625327052
0.3419926748317003	0.25578657175037134	0.16594072312211414	0.23628003029581435
0.33954617612754395	0.2584813020793539	0.16499081576447747	0.23698170602862492
0.32804686338486133	0.2633384510736925	0.17048852933223688	0.2381261562092094
0.32401155419688143	0.268120920615922	0.16933721472119925	0.23853031046599743
0.33665726996148343	0.26369449828067026	0.16593284485961074	0.23371538689823576
0.34917855602962194	0.2581423878461678	0.16303411733274045	0.22964493879147005
0.3584990656497208	0.2523389058570493	0.16290258530876497	0.22625944318446514
0.368660939620811	0.24966462173665566	0.16024378448967594	0.22143065415285756
0.3764759314612015	0.24587436234252055	0.15845864917118077	0.21919105702509722
0.37720722964240655	0.24745007430553365	0.15739731120720984	0.21794538484484993
0.3825009271446557	0.24575102725671552	0.1555851634281029	0.21616288217052576
0.3851738043317943	0.245911347906552	0.1540166686097858	0.2148981791518678
0.3877025744781013	0.2449975349228542	0.1536688608000563	0.2136310297989881
0.38787790586170606	0.24446835580369206	0.15333255961248973	0.21432117872211212
0.388985107129445	0.24512316652965394	0.1522802924933268	0.21361143384757422
0.3926958432859232	0.24386369458982135	0.15106116734082092	0.21237929478343434
0.39445593150040864	0.2431919883520664	0.15092126394756666	0.21143081619995804
0.39431418489358494	0.24437977365537833	0.1504580485350944	0.2108479929159423
0.3981230758464234	0.2424266940493273	0.14966615892576474	0.20978407117848424
0.3980365848010769	0.24206258057137855	0.14948603831431523	0.21041479631322926
0.4002359862907219	0.24129908443173592	0.14889059288626677	0.20957433639127523
0.4001120478929566	0.2409806784759453	0.14873750119397464	0.21016977243712345
0.4002580352035786	0.2407244423436557	0.1485492556308087	0.21046826682195685
0.4001105624203265	0.2408236197482706	0.1483467129849868	0.210719104846416
0.3999940691756532	0.24052732459802378	0.1482103908578964	0.2112682153684265
0.3992604651148743	0.2403451377555857	0.14834426762830172	0.21205012950123825
0.3982082984338286	0.24096258661289716	0.14827890215441145	0.21255021279886263
0.39413281746458845	0.24277490212007286	0.149279627635889	0.2138126527794494
0.3906591541726069	0.24290087035578534	0.1514561173811875	0.21498385809042014
0.3888356480212749	0.24446922614551972	0.15207268109186078	0.2146224447413446
0.38767758710939826	0.24442287056827458	0.15256693504867938	0.21533260727364797
0.38595163892305623	0.24534320262497955	0.15268004577252303	0.21602511267944116
0.3814768260796556	0.24702626316925924	0.1545030609937785	0.2169938497573068
0.3790861117284669	0.24874129758101216	0.154563885230358	0.21760870546016292
0.38120176111757453	0.248003833672645	0.15399271007652793	0.2168016951332525
0.3839857933321094	0.2466598503211526	0.15339209247593885	0.21596226387079917
0.3861366988704603	0.2450284830781456	0.15362403046290618	0.215210787588488
0.3889519389290928	0.24428869582142063	0.15294790919359638	0.21381145605589041
0.3914341558445275	0.2429939803696406	0.15243504637022193	0.21313681741561008
0.39141600283307754	0.24365490544993246	0.15214865479622433	0.21278043692076562
0.3931892121335008	0.24306800075674595	0.15155058552003084	0.21219220158972257
0.394074622921939	0.2431857852628904	0.15098747468431056	0.21175211713086017
0.39491318351833926	0.24286977586212696	0.1509198709534803	0.2112971696660534
0.3949039328079966	0.24266650751605773	0.15080713682597904	0.21162242284996666
0.39530720075862147	0.24297433844945351	0.15037555260736551	0.2113429081845598
0.3968429496975548	0.24245314956127728	0.14986734339985913	0.21083655734130913
0.3975565934458308	0.24217655590980916	0.14983192747726284	0.21043492316709722
0.3974367561834151	0.24275532341169317	0.14963152773865607	0.21017639266623564
0.3992144525894489	0.2418442524625711	0.14926555759385673	0.20967573735412326
0.3991606126432045	0.24167238763827587	0.14918172950905842	0.20998527020946142
0.400235986290722	0.24129908443173598	0.14889059288626677	0.2095743363912753
0.4001733819841675	0.24113824982015053	0.14881326253983657	0.20987510565584558
0.40024718739729936	0.24100715950490634	0.14871718955332125	0.21002846354447335
0.4001719563283844	0.2410563556299602	0.14861293752859556	0.2101587505130601
0.4001112971568351	0.24090130329414677	0.14854000255386474	0.21044739699515358
0.399726771472066	0.2408011313419108	0.14860541515353315	0.21086668203249015
0.3991680478264044	0.24112185845354855	0.14856842887142888	0.21114166484861852
0.3969635860230995	0.2420903891352199	0.14909918574270675	0.21184683909897392
0.39501365846863956	0.24217255188872114	0.15028959516414073	0.2125241944784988
0.3939192339132078	0.2430556112763181	0.15065373909851698	0.2123714157119575
0.39319802558432626	0.24304971233953807	0.15095088347814464	0.2128013785979918
0.3921411908240453	0.24359084539041154	0.15103803758607084	0.21322992619947304
0.3894557189801286	0.24459030413621022	0.1521158921955326	0.21383808468812907
0.3879576193210828	0.24561959346568402	0.15218417106431967	0.21423861614891407
0.3890434622158645	0.24524161776903367	0.15189074492635649	0.21382417508874615
0.3905731864772909	0.24448673935792878	0.15156730506476382	0.21337276910001696
0.39175361332545766	0.24354275457704716	0.1517383100606224	0.21296532203687354
0.3933664762799007	0.2431191020824719	0.1513606086613731	0.21215381297625488
0.39483461055157687	0.24233918283573713	0.15106570011808618	0.21176050649460068
0.3947814555104445	0.24275599172847726	0.15090547183215777	0.21155708092892106
0.3958390738136366	0.24240281928783142	0.15055032463577492	0.21120778226275777
0.3963632001600525	0.2424849889749804	0.15020860876344475	0.21094320210152323
0.39685709606158365	0.2422961519831916	0.1501787690834179	0.2106679828718076
0.396836606349437	0.2421708668733702	0.1501124600423929	0.2108800667348005
0.397080392123773	0.24237164516135956	0.14984132003873368	0.2107066426761345
0.39804693562350285	0.24204364081138854	0.14952075301120982	0.21038867055389943
0.3984920912978862	0.2418701907254198	0.14950326477682283	0.21013445319987206
0.3984031908792456	0.2422525566430817	0.14937571984818312	0.2099685326294904
0.3995623858609102	0.24165856882215098	0.14913784502085853	0.20964120029608121
0.39952431826165863	0.24154613154680593	0.1490832632450847	0.2098462869464515
0.4002359862907225	0.2412990844317361	0.148890592886267	0.20957433639127537
0.40019410701609026	0.2411914938003627	0.1488388625981482	0.20977553658539966
0.4002434937938811	0.24110342275356905	0.14877436989876	0.20987871355379095
0.4001929984885756	0.24113612357208328	0.14870418338132846	0.2099666945580136
0.4001519967392423	0.2410311424042966	0.14865443818814864	0.21016242266831328
0.39989145837231915	0.24096217604805495	0.1486976454561568	0.21044872012346974
0.39951113563272417	0.24117879438582454	0.1486719278545809	0.21063814212687143
0.39800046454481075	0.2418396597671507	0.14903309191709363	0.21112678377094574
0.39664599640525383	0.241899533013804	0.1498523103805379	0.21160216020040495
0.39586729876444054	0.24251390439884793	0.15010999083067378	0.2115088060060385
0.3953470923444444	0.2425151517753434	0.15032176629322422	0.2118159895869891
0.39458836300221484	0.2428980133503468	0.15038883441038223	0.21212478923705727
0.39267265470655877	0.24360817243707789	0.15115343177804272	0.21256574107832152
0.3915859541270607	0.2443428558224637	0.1512108979597459	0.2128602920907308
0.3923091516452827	0.24409128837428515	0.1510153780530366	0.2125841819273969
0.39336037514797484	0.243567275448102	0.1507952201615646	0.21227712924235992
0.39417014180405185	0.2429035592923174	0.1509270288685561	0.2119992700350755
0.3952982242100497	0.24260730206702627	0.15066602522624017	0.2114284484966848
0.3963398313627653	0.24204933487125652	0.15045955515983547	0.21115127860614352
0.39628792315057476	0.24235361363481148	0.1503489895144232	0.21100947370019169
0.39704064620218155	0.24210119460590537	0.1500967591274797	0.21076140006443472
0.39741210341263866	0.24216379924472028	0.1498516380726072	0.21057245927003518
0.39776097997795845	0.242029427330367	0.1498341702160088	0.2103754224756668
0.3977409612753648	0.24193894200499808	0.14978740029603985	0.2105326964235979
0.3979152909028258	0.2420878698733326	0.1495897791571082	0.2104070600667343
0.3986202602447246	0.24184863732849304	0.14935571054766536	0.21017539187911824
0.39894339402230516	0.24172239408208362	0.1493447113693536	0.20998950052625878
0.39887356654160766	0.24200785386821258	0.14925121499913557	0.20986736459104496
0.3997335239795131	0.24156723651367873	0.14907502697137137	0.20962421253543784
0.39970418164150506	0.24148369410788348	0.14903456871263718	0.2097775555379753
0.40023598629072266	0.24129908443173617	0.14889059288626696	0.20957433639127543
0.4002045229070543	0.24121825291438587	0.14885172855739173	0.20972549562116943
0.4002416320765774	0.2411519431103658	0.14880319097846578	0.20980323383459207
0.40020363130449893	0.24117643111833628	0.14875029083165914	0.20986964674550693
0.4001726652573154	0.2410970787563671	0.14871255217447252	0.21001770381184634
0.399975653490599	0.24104450911802777	0.14874479760503106	0.2102350397863432
0.3996873814102388	0.2412080426350121	0.14872509575627152	0.21037948019847894
0.39853836533899745	0.241709589056468	0.14899880446630392	0.21075324113823163
0.39750089974969116	0.2417565450062192	0.1496232914895419	0.21111926375454798
0.3968970234855594	0.24222756436094908	0.1498225717372545	0.21105284041623837
0.39649072226304216	0.24223068436564682	0.149986980399956	0.21129161297135587
0.3958993807410306	0.24252684408704467	0.1500410383349707	0.2115327368369553
0.39441091280852236	0.24307748157832518	0.1506333702161112	0.21187823539704248
0.3935590352355751	0.24364856848155544	0.15068163401946796	0.212110762263403
0.3940995927743127	0.24346061080839757	0.1505354509543772	0.2119043454629137
0.3948996235983283	0.24305949374920097	0.15036882976205887	0.21167205289041316
0.395515074229055	0.242547811585656	0.15047550578878663	0.21146160839650335
0.3963819910696147	0.2423201673499087	0.15027634368629847	0.21102149789417868
0.3971889577651022	0.24188582559907892	0.15011761616731825	0.210807600468502
0.39714234503126117	0.24212539721755932	0.15003336994462826	0.2106988878065523
0.3977264446841904	0.24192904205731677	0.14983788622057348	0.21050662703792047
0.3980139252069643	0.24197951248680644	0.1496468215262269	0.21035974078000352
0.39828333262206794	0.2418752877056562	0.14963502724389968	0.2102063524283774
0.3982652473274963	0.24180448708011887	0.14959895183820954	0.21033131375417616
0.3984008313541252	0.24192283863257236	0.1494434940309959	0.2102328359823074
0.39895560045979067	0.24173457889201164	0.14925917644957928	0.2100506441986192
0.39920913337130026	0.24163536738878238	0.14925135080004592	0.20990414843987196
0.39915181295551255	0.24186310218348903	0.1491775652962847	0.2098075195647144
0.3998353193276364	0.24151291077835038	0.14903766191636075	0.20961410797765362
0.3998114713911091	0.24144644974389096	0.14900552208737158	0.20973655677762926
0.40023598629072243	0.24129908443173628	0.148890592886267	0.20957433639127554
0.40021078962731227	0.24123435253395034	0.14885946936110314	0.20969538847763575
0.4002405102268716	0.24118118092638047	0.14882055823380816	0.20975775061294075
0.4002100472061627	0.24120075292122983	0.14877811232969398	0.20981108754291417
0.4001851702837213	0.24113697207725515	0.1487477127472327	0.20993014489179188
0.40002677915687535	0.24109450409570493	0.1487734297285653	0.2101052870188552
0.3997946832371003	0.24122584953293946	0.14875746539974447	0.2102220018302165
0.39886761616355026	0.2416299723516682	0.14897781700622487	0.2105245944785575
0.3980269494229482	0.24166855986127964	0.14948236876001714	0.21082212195575578
0.39753391677673494	0.2420504606696493	0.14964480064115396	0.2107708219124621
0.3972007395113856	0.24205407411420812	0.1497791301549975	0.21096605621940934
0.39671640331477276	0.24229553244432706	0.1498242927973194	0.21116377144358173
0.3954994881506566	0.2427451391129102	0.1503076842940543	0.21144768844238016
0.39479917695786026	0.2432121876885916	0.15034897547258533	0.21163965988096392
0.3952302441616654	0.24306234221789128	0.1502323802579276	0.2114750333625165
0.39587575254188534	0.24273747918865898	0.15009843026279884	0.21128833800665853
0.3963718410408215	0.24232118843138942	0.1501878705274893	0.21111910000030046
0.39707564086172087	0.24213639079771304	0.15002693347709806	0.21076103486346826
0.3977341967487762	0.241780833422251	0.1498980511317171	0.21058691869725654
0.3976927423300786	0.24197838588458565	0.14983005567729046	0.21049881610804586
0.398169881524441	0.24181772833442336	0.14967049917193406	0.2103418909692026
0.39840429300466107	0.24185997607833823	0.1495139686038234	0.21022176231317793
0.3986236234652826	0.24177487220387348	0.14950529394846498	0.21009621038237938
0.3986074548469319	0.24171672680854187	0.14947594936840605	0.21019986897611995
0.39871835347527884	0.24181491545236639	0.14934782998609067	0.21011890108626477
0.39917566723480535	0.2416597281250832	0.149195826017122	0.2099687786229902
0.39938424066122014	0.2415780216909316	0.14918983143402564	0.20984790621382385
0.39933568177012774	0.2417674484055656	0.149128896623902	0.20976797320040516
0.39990281707856873	0.24147688884787855	0.14901288615574712	0.20960740791780613
0.399882738010511	0.24142171038227145	0.1489862280281034	0.20970932357911473
0.4002359862907223	0.24129908443173642	0.1488905928862669	0.20957433639127526
0.400214974626148	0.24124510407325117	0.14886463877240447	0.2096752825281969
0.4002397603081755	0.2412007254204079	0.14883216765833313	0.20972734661308504
0.400214339669525	0.24121702506087536	0.14879672588820178	0.2097719093813982
0.40019355072061774	0.24116370720339125	0.1487712761489962	0.2098714659269946
0.40006112034602775	0.24112808579957543	0.14879266197025012	0.21001813188414753
0.39986687738197274	0.24123783025876944	0.14877924414106444	0.21011604821819313
0.3990898981045873	0.24157622197547368	0.14896364807173512	0.21037023184820422
0.39838328630866726	0.24160896025665787	0.1493869101576859	0.210620843276989
0.3979667619059479	0.24193009753942527	0.14952398392958252	0.21057915662504556
0.39768445253258267	0.2419337549550652	0.14963752814437029	0.21074426436798263
0.3972743750334604	0.2421375620785286	0.14967627010608897	0.21091179278192268
0.39624526439910973	0.24251745334099709	0.15008455887891362	0.21115272338097998
0.39565080447812967	0.2429125171864812	0.15012053289357402	0.21131614544181557
0.396009068203336	0.24278800376414844	0.15002361675455161	0.21117931127796477
0.3965499950769043	0.24251505374471916	0.14991165694247804	0.2110232942358993
0.39696539823209803	0.2421641867816087	0.14998860046302936	0.21088181452326454
0.39755768661143087	0.24200867691833128	0.14985360807190445	0.21058002839833326
0.3981139215837692	0.24170771294074617	0.14974513782322268	0.21043322765226294
0.3980768750948081	0.2418757838734505	0.1496881587751998	0.21035918225654146
0.3984801401279818	0.24173984567541723	0.14955338379664745	0.21022663039995346
0.3986779977088201	0.2417761636391234	0.14942081934807597	0.21012501930398092
0.3988629106798644	0.2417042615888617	0.14941406751812722	0.2100187602131473
0.3988484010641842	0.2416549353391544	0.14938934408322532	0.21010731951343642
0.3989422059054226	0.2417388298364408	0.149280387034867	0.21003857722327002
0.3993311809739246	0.2416068336223114	0.1491510584113552	0.2099109269924091
0.39950832702258476	0.24153738478204265	0.14914623693669515	0.2098080512586782
0.3994662278446548	0.24169953463102134	0.14909434207398956	0.20973989545033564
0.3999508518232364	0.24145125385695268	0.14899525449663897	0.2096026398231719
0.3999335160443314	0.24140408339011787	0.1489724808572361	0.20968991970831474
0.40023598629072243	0.24129908443173587	0.14889059288626666	0.20957433639127504
0.4002179674381631	0.24125279280561593	0.1488683355658466	0.20966090419037486
0.400239223659683	0.24121471163423464	0.14884047546582013	0.209705589240263
0.40021741319155063	0.24122867636116194	0.1488100537089005	0.2097438567383868
0.4001995583216497	0.24118287254922474	0.14878816781210283	0.20982940131702305
0.4000857770729109	0.24115219722148748	0.1488064705814913	0.20995555512411082
0.39991877153467786	0.24124644217067484	0.1487948990024075	0.21003988729223924
0.39925005550902914	0.24153749403968705	0.14895343914625517	0.21025901130502883
0.3986406310097578	0.24156591772289043	0.14931797043668615	0.21047548083066653
0.39828007911991725	0.24184297205716518	0.14943653012008876	0.2104404187028297
0.39803518404780125	0.24184651372080657	0.14953485510153508	0.21058344712985713
0.3976796412891091	0.242022824975363	0.1495687582021395	0.21072877553338892
0.396788138649838	0.24235171362605584	0.14992213879270935	0.21093800893139764
0.3962717643618408	0.24269401396093604	0.14995396514661763	0.21108025653060544
0.3965781731857084	0.24258753822568507	0.149871068369355	0.2109632202192512
0.3970436416689112	0.24235220498233206	0.14977491087816844	0.2108292424705888
0.39740088738542667	0.24204899566516858	0.14984239727834756	0.21070771967105734
0.39791214139498027	0.2419147671691012	0.1497261595485672	0.21044693188735095
0.39839356643896773	0.2416538640360172	0.14963252622642592	0.21032004329858886
0.3983601954293095	0.24180010890171136	0.14958350152787184	0.21025619414110763
0.39870938384777793	0.2416822997757893	0.1494668496474909	0.21014146672894213
0.39888053841887783	0.24171414267020147	0.1493518891612224	0.21005342974969812
0.39904035211384553	0.24165190087747163	0.14934641932119216	0.20996132768749057
0.3990272389387498	0.24160907176354993	0.14932506291166547	0.2100386263860351
0.3991085098600813	0.24168230447813688	0.149230282465999	0.2099789031957824
0.39944691206669053	0.2415674702924743	0.14911774300163466	0.2098678746392002
0.3996008558510528	0.24150708261562612	0.14911372935309544	0.20977833218022554
0.39956370942340425	0.24164882194597478	0.14906853944384008	0.20971892918678087
0.39998678104458035	0.24143207929342664	0.1489820662974064	0.20959907336458722
0.39997153050989354	0.24139088711929385	0.14896218917569212	0.20967539319512013
0.4002359862907227	0.24129908443173617	0.148890592886267	0.20957433639127537
0.40022021397906293	0.24125856431803885	0.14887111054724342	0.2096501111556548
0.4002388206293414	0.24122521547171713	0.14884671474263725	0.20968924915630507
0.4002197224350244	0.24123743038632078	0.14882006736186942	0.2097227798167867
0.40020407587695134	0.24119728437671115	0.14880086989098826	0.20979776985535015
0.40010433971358456	0.24117034933321022	0.14881686629580884	0.20990844465739572
0.3999578724165892	0.24125293102024525	0.14880669452951087	0.20998250203365487
0.3993709394500684	0.24150826288723068	0.1489457336321074	0.21017506403059244
0.3988352033006624	0.2415333742729332	0.1492658467310395	0.2103655756953648
0.3985173722523248	0.24177698692236824	0.14937029632420848	0.2103353445010986
0.39830114550640494	0.24178035825741984	0.1494569976206791	0.21046149861549676
0.3979873448996434	0.24193570935590494	0.14948712840799902	0.21058981733645277
0.39720100023827615	0.24222566682629282	0.1497986166055826	0.2107747163298483
0.39674459490152936	0.2425276344559657	0.14982713196503186	0.2109006386774727
0.3970122160650642	0.24243464791155844	0.14975472333214326	0.21079841269123423
0.3974206815264966	0.24222782354189978	0.149670466286739	0.2106810286448649
0.3977340306933674	0.2419608760202066	0.1497305538209299	0.21057453946549748
0.39818374199753936	0.24184280892319557	0.14962850225251637	0.21034494682674745
0.39860808997702535	0.24161255500655382	0.14954613866119093	0.21023321635523018
0.39857778584594694	0.2417419904166443	0.14950312461426188	0.2101770991231471
0.39888568015846315	0.2416380449983471	0.14940030190843756	0.2100759729347522
0.39903647639483947	0.24166639214953872	0.1492988191694291	0.20999831228619337
0.3991771806921375	0.24161152450349208	0.14929425446655287	0.209917040337818
0.39916524112166096	0.24157368063868428	0.1492754596493986	0.20998561859025744
0.3992369296945181	0.24163865562342532	0.14919159174182658	0.20993282294023008
0.3995363948341501	0.2415370347404889	0.1490919836746499	0.2098345867507107
0.3996725075560095	0.24148361747591138	0.14908855640075724	0.20975531856732138
0.399639276288988	0.24160950991693944	0.14904853747106525	0.20970267632300824
0.4000146688150132	0.24141719625934463	0.14897182979745233	0.20959630512818933
0.4000010564910029	0.2413806375251644	0.1489541955871896	0.20966411039664268
0.4002359862907219	0.2412990844317357	0.14889059288626666	0.20957433639127518
0.4002219624347885	0.24126305621664718	0.1488732702818438	0.20964171106672033
0.4002385068383613	0.24123339353949094	0.14885157251283324	0.20967652710931461
0.4002215209498392	0.24124424830921312	0.14882786632435488	0.20970636441659332
0.40020759658064425	0.2412085160652845	0.14881076910706068	0.20977311824700956
0.4001188190712776	0.2411845084673073	0.14882497523185514	0.20987169722956067
0.3999883916994724	0.24125799574067858	0.1488159012535236	0.20993771130632535
0.39946541801918617	0.24148541686290453	0.14893971127756878	0.21010945384034047
0.3989874740180485	0.24150790602949465	0.14922505513623094	0.2102795648162261
0.3987033175615489	0.2417252803003963	0.1493183948488851	0.21025300728916974
0.3985097561150513	0.24172846828977174	0.14939592901113544	0.21036584658404078
0.39822893125816394	0.2418673125462652	0.1494230386669692	0.21048071752860167
0.397525559558358	0.24212657874259802	0.1497015131738479	0.2106463485251961
0.3971166519115637	0.2423967151181603	0.14972733051323697	0.2107593024570388
0.3973541769054435	0.2423141932219609	0.14966306085225634	0.21066856902033948
0.3977180667237175	0.2421297193270549	0.14958808699766374	0.21056412695156362
0.3979971134086141	0.24189128808339042	0.14964223122894332	0.21046936727905066
0.3983984992663757	0.2417859108301313	0.14955128366763804	0.2102643062358549
0.3987778671709592	0.24157986241174492	0.14947777022689582	0.2101645001903993
0.39875014265902603	0.2416959538447129	0.1494394567887704	0.21011444670749033
0.3990254735483547	0.24160295336577986	0.1493475331692858	0.21002403991657825
0.3991602364165313	0.24162849499564307	0.14925670022248816	0.20995456836533652
0.39928590783229856	0.2415794405066568	0.1492528030714369	0.20988184858960685
0.39927496098184445	0.24154554261079106	0.14923602213554313	0.2099434742718212
0.39933908676452823	0.24160393326822058	0.14916081354439775	0.2098961664228532
0.3996076496078657	0.2415127990308523	0.14907147162448148	0.20980807973680024
0.3997296315401917	0.2414649100038329	0.14906848738311085	0.20973697107286424
0.39969957164550185	0.24157814256052237	0.1490325777502256	0.2096897080437493
0.4000369431077103	0.24140530900366977	0.1489636537836439	0.2095940941049759
0.4000246516037833	0.24137244676162833	0.14894780766661417	0.20965509396797377
0.4002359862907215	0.24129908443173562	0.14889059288626663	0.20957433639127535
0.400223361922075	0.24126665159221372	0.14887499896222747	0.2096349875234838
0.40023825560184456	0.2412399413034182	0.14885546188295512	0.2096663412117813
0.4002229612995342	0.2412497084772837	0.14883411216295098	0.20969321806023006
0.4002104175968669	0.24121751562287974	0.14881870100123745	0.20975336577901535
0.40013042896162404	0.24119586159482642	0.14883147716794348	0.20984223227560606
0.40001287516535705	0.24126205880829515	0.14882328715817075	0.20990177886817635
0.3995412911403784	0.2414670698537493	0.14893487489149662	0.21005676411437543
0.39910988566325656	0.24148743190529381	0.14919226244754485	0.2102104199839039
0.3988529545687337	0.24168367008610284	0.14927662782895754	0.21018674751620528
0.3986777608240893	0.2416866786656819	0.14934674736095876	0.2102888131492709
0.39842364321442664	0.24181218660004627	0.1493713840995147	0.2103927860860125
0.39778740875515134	0.24204663608336124	0.14962317169963243	0.21054278346185387
0.3974170494068777	0.24229101131443012	0.1496467511790504	0.21064518809964036
0.3976305482696746	0.24221684223038256	0.1495889796077866	0.21056362989215602
0.39795862778707236	0.24205036078983322	0.14952144867953757	0.2104695627435549
0.39821013351551	0.2418349421933729	0.14957071574390463	0.21038420854721215
0.398572567825252	0.2417397928611503	0.14948869520271163	0.21019894411088613
0.3989155759214782	0.24155334497275335	0.14942231559577923	0.21010876350998844
0.3988900428298599	0.24165858645457197	0.149387778299805	0.21006359241576258
0.39913903756018626	0.24157444596225291	0.14930466540764178	0.209981851069918
0.3992608469012077	0.24159768657326963	0.1492224597011323	0.20991900682438924
0.39937438442082174	0.24155333219016853	0.14921907204509072	0.20985321134391757
0.3993642847313085	0.24152263523422507	0.1492039157639053	0.20990916427056008
0.39942229007965196	0.2415756531397715	0.1491357457927541	0.20986631098782163
0.3996657312153179	0.24149304387761691	0.14905475172230764	0.20978647318475618
0.39977623945839513	0.24144964642687972	0.1490521129101763	0.20972200120454876
0.39974880002981883	0.24155253255726714	0.14901954737249007	0.20967912004042452
0.40005514382995394	0.24139559571482377	0.14895697301678704	0.20959228743843372
0.40004393974791014	0.2413657511111746	0.14894258577452632	0.20964772336638737
0.40023598629072266	0.2412990844317354	0.1488905928862667	0.20957433639127526
0.4002245074352856	0.2412695944915531	0.14887641392772025	0.20962948414544016
0.400238049909846	0.24124530207924968	0.14885864618244782	0.20965800182845407
0.40022414078570756	0.24125417974752747	0.14883922680995534	0.20968245265680915
0.40021272865170854	0.2412248883104223	0.14882519902925365	0.20973718400861371
0.40013994547444237	0.24120516764168265	0.14883680674094482	0.20981808014292927
0.4000329522479551	0.2412653906300446	0.14882934379322252	0.2098723133287759
0.39960356206638215	0.24145201201466832	0.14893090555117558	0.2100135203677724
0.39921043670673845	0.24147061410540824	0.1491653259656414	0.2101536232222108
0.3989759718795874	0.24164946212670385	0.14924229095888406	0.21013227503482393
0.39881596396787483	0.24165230190648224	0.14930628981241725	0.2102254443132251
0.39858391669822163	0.24176681071446762	0.14932886561406128	0.2103204069732484
0.3980031215880963	0.2419807788735314	0.1495586335549784	0.21045746598339204
0.39766467162126223	0.24220387806479723	0.14958032841096514	0.21055112190297554
0.39785854929856035	0.24213652954565554	0.14952786401425458	0.21047705714152862
0.39815723124190616	0.2419848436215821	0.14946643312540162	0.21039149201110965
0.3983861393104869	0.2417883869488425	0.1495116267687799	0.21031384697188885
0.39871651058154733	0.24170165646470487	0.14943693883607087	0.21014489411767517
0.3990295180737027	0.24153140407169393	0.14937643165596748	0.21006264619863457
0.39900586533511245	0.24162765021828964	0.14934499399136614	0.21002149045523175
0.399233121153315	0.24155082863039504	0.14926915104900096	0.20994689916728843
0.3993442475750458	0.24157214805018112	0.14919407615280875	0.20988952822196302
0.39944778601309994	0.2415316723134281	0.1491910882463893	0.20982945342708217
0.3994384159461497	0.24150362403436285	0.14917727017023194	0.20988068984925676
0.39949136673101066	0.24155217454916025	0.14911493416598168	0.20984152455384683
0.3997139836175421	0.2414766319076036	0.14904086134495376	0.20976852312989996
0.3998149904337629	0.2414369559116771	0.14903849876859251	0.20970955488596693
0.399789752267403	0.24153122804052432	0.14900870762765106	0.20967031206442177
0.4000702948345112	0.24138750998714925	0.1489514116809388	0.20959078349740007
0.4000600015635581	0.2413601754423848	0.1489382373484936	0.20964158564556243
0.4002359862907222	0.24129908443173534	0.14889059288626663	0.20957433639127504
0.4002254623585511	0.24127204775269362	0.1488775934719243	0.20962489641682952
0.4002378784070568	0.2412497718107978	0.14886130120186086	0.20965104858028236
0.4002251243917223	0.24125790846297057	0.1488434920550044	0.20967347509030207
0.4002146565628897	0.24123103869962811	0.14883061976641815	0.2097236849710629
0.40014788797157347	0.241212934483578	0.14884125481126995	0.20979792273357822
0.40004971429115305	0.24126817231607053	0.1488344003833857	0.20984771300939034
0.39965558770307497	0.241439431606513	0.14892758927710215	0.2099773914133093
0.39929450301770075	0.24145655348161033	0.14914280555625012	0.21010613794443722
0.3990788925555505	0.24162084252609492	0.14921356350700002	0.2100867014113533
0.3989316490889932	0.24162352629803563	0.14927242418335177	0.21017240042961874
0.39871814600280187	0.24172880833614813	0.14929325631301532	0.21025978934803435
0.3981839042746541	0.24192558585066082	0.1495045460024825	0.21038596387220113
0.39787230324091566	0.24213081669672795	0.1495246328145343	0.2104722472478197
0.39804985677712995	0.24206914205496122	0.14947658411364617	0.21040441705426072
0.39832397368034694	0.24192983706390025	0.14942024345736873	0.21032594579838332
0.3985340070222242	0.24174927450098901	0.1494619843604621	0.21025473411632326
0.3988375254174695	0.24166959462375465	0.14939342648172813	0.21009945347704687
0.3991253575435538	0.241512949054964	0.14933783757660046	0.210023855824881
0.39910333353053074	0.24160161642531502	0.14930898968178308	0.209986060362371
0.3993123407963717	0.24153094252127025	0.1492392474842943	0.20991746919806187
0.39941450623822833	0.241550633805641	0.14917016519298332	0.2098646947631475
0.3995096629555406	0.2415134132143426	0.14916749813277216	0.20980942569734376
0.3995009268467783	0.24148759290323732	0.14915480136189083	0.20985667888809142
0.39954963293731405	0.24153237034068475	0.14909737954346924	0.2098206171785312
0.39975470726900825	0.24146278067293056	0.1490291382625784	0.20975337379548203
0.3998477167563891	0.24142623840351374	0.14902700123116258	0.20969904360893382
0.3998243535732985	0.24151322745876785	0.14899954892597456	0.20966287004195863
0.40008310338404046	0.24138067437152944	0.14894671016788752	0.20958951207654206
0.40007358407540716	0.24135546043450082	0.14893456014602727	0.2096363953440627
0.40023598629072143	0.24129908443173612	0.14889059288626671	0.20957433639127457
0.40022627060421095	0.24127412418934827	0.1488785918364194	0.20962101337001987
0.4002377332233743	0.24125355560980136	0.14886354877751565	0.20964516238930658
0.40022595717188525	0.24126106541830877	0.14884710326865988	0.2096658741411435
0.4002162893174053	0.24123624748509404	0.1488352106070969	0.20971225259040352
0.4001546171343992	0.24121951482511145	0.14884502337284194	0.20978084466764646
0.40006391972747607	0.24127052972937818	0.148838685724303	0.20982686481884208
0.39969970431084717	0.24142876369416258	0.14892477714885374	0.20994675484613676
0.3993658313268542	0.2414446233694212	0.1491236975127907	0.21006584779093274
0.39916626932829996	0.24159654528634955	0.149189174704542	0.21004801068080808
0.39902990504767366	0.2415990860332275	0.14924366076228274	0.21012734815681475
0.39883220230471267	0.2416965172448055	0.14926299864905979	0.21020828180142023
0.3983376056402971	0.24187866076535083	0.14945856078762979	0.21032517280672006
0.398048908072	0.24206867302810955	0.1494772599172071	0.2104051589826822
0.3982126689718954	0.2420117919432905	0.14943294236358048	0.21034259672123234
0.3984659527503719	0.24188299967818153	0.1493809135412818	0.21027013403016268
0.39865998486123666	0.2417159521373629	0.14941969085872475	0.21020437214267484
0.39894068633700364	0.2416422630245393	0.14935633371991208	0.21006071691854325
0.39920709097061025	0.24149721032262225	0.14930492393073355	0.20999077477603256
0.39918648999537976	0.2415794053011518	0.1492782720606002	0.20995583264286666
0.39937996106762425	0.24151396814419362	0.14921372241148637	0.20989234837669404
0.3994745023375794	0.24153226211032858	0.1491497468665262	0.20984348868556343
0.3995625318786737	0.24149781226723827	0.14914734225799375	0.209792313596093
0.3995543511344413	0.24147389206463055	0.1491355986297566	0.20983615817117077
0.3995994422723145	0.24151544055381582	0.149082372833251	0.2098027443406175
0.3997895367025703	0.2414509342239902	0.14901911194362014	0.2097404171298183
0.39987572207466116	0.2414170669719842	0.1490171622951242	0.20969004865822924
0.39985397500231257	0.24149781755035757	0.14899170835971431	0.20965649908761527
0.4000940737382108	0.24137481975667624	0.148942683383809	0.20958842312130335
0.4000852202105617	0.24135142108819965	0.1489314098874186	0.20963194881381908
0.40023598629072143	0.2412990844317359	0.14889059288626663	0.20957433639127462
0.40022696355675574	0.24127590443034733	0.14887944778808243	0.20961768422481325
0.4002376087320791	0.24125680012066106	0.14886547601614827	0.20964011513110895
0.40022667134720563	0.24126377275895491	0.14885020017199338	0.20965935572184477
0.40021768987687495	0.2412407155259089	0.14883914858144107	0.20970244601577337
0.4001603912653829	0.24122516125616497	0.14884825708388608	0.20976619039456412
0.4000761120253097	0.2412725530593567	0.14884236376358292	0.20980897115174932
0.3997375880035629	0.2414196029736558	0.14892236232577868	0.20992044669699844
0.3994271128952786	0.24143437363835216	0.14910728087700365	0.21003123258936468
0.39924137630378403	0.24157565996256686	0.14916821067565078	0.21001475305799552
0.39911439474299515	0.2415780699996468	0.14921892727318778	0.2100886079841693
0.39893031539050816	0.2416687399228843	0.14923697051444682	0.21016397417215907
0.398469886851998	0.24183827526117588	0.14941898417153746	0.21027285371528692
0.3982009572087493	0.2420151700117447	0.14943647389737	0.21034739888213538
0.3983529111636085	0.24196239204810696	0.14939535049469016	0.2102893462935918
0.39858830364320674	0.24184263741943762	0.1493470208671889	0.2102220380701649
0.3987685985992451	0.2416872227473286	0.14938322686352365	0.21016095178990277
0.3990296730145682	0.24161868676894116	0.14932433747898494	0.2100273027375044
0.3992776191561013	0.24148362929128747	0.14927652258009314	0.20996222897251682
0.39925827132422304	0.24156023248024922	0.1492517563630964	0.20992973983243085
0.39943835575832565	0.24149930961826743	0.14919167977982942	0.20987065484357578
0.3995263313823146	0.24151639128825175	0.14913210801388702	0.20982516931554523
0.39960822639009164	0.24148432839782458	0.149129921573107	0.2097775236389759
0.3996005358193129	0.24146204784655567	0.14911899808773563	0.20981841824639547
0.39964251133130624	0.24150080173180857	0.14906939685419593	0.2097872900826869
0.39981966522712875	0.24144068668358104	0.1490104388712768	0.2097292092180122
0.3998999592198301	0.24140912957540647	0.14900864720814216	0.2096822639966199
0.3998796194531436	0.24148447657891584	0.1489849204692361	0.20965098349870367
0.4001035751112936	0.24136974910178924	0.14893919580471546	0.20958747998219968
0.40009530037094254	0.24134792188008616	0.14892868087889408	0.20962809687007447
0.4002359862907208	0.24129908443173514	0.1488905928862664	0.20957433639127498
0.400227564243015	0.24127744763314693	0.1488801897702084	0.2096147983536277
0.40023750080366394	0.24125961296732623	0.14886714684635785	0.2096357393826522
0.40022729057094336	0.24126612015118193	0.14885288533347327	0.2096537039444003
0.4002189044840987	0.24124459034504686	0.14884256371102284	0.20969394145983178
0.4001654002063073	0.24123005942000153	0.14885106226229763	0.2097534781113906
0.40008669080914105	0.24127430862428367	0.14884555505557637	0.20979344551099868
0.39977047253230324	0.24141165110953983	0.14892026616478965	0.2098976101933647
0.3994803307245239	0.2414254726188148	0.14909302442530722	0.21000117223135384
0.39930662838791287	0.24155751503134568	0.14914999736632747	0.2099858592144133
0.39918782187925306	0.24155980567574775	0.1491974322344498	0.21005494021054708
0.3990156097848172	0.2416445917694596	0.14921434301314196	0.21012545543257832
0.39858493395959177	0.2418031513355303	0.14938456374892964	0.2102273509559463
0.3983332391960676	0.24196862265551494	0.14940099026441933	0.21029714788399573
0.3984749723233318	0.24191939636740276	0.14936263204486525	0.21024299926439838
0.3986948335001943	0.24180749435221366	0.14931751081098568	0.21018016133660536
0.39886320683105564	0.24166219794989355	0.14935146482150174	0.21012313039754618
0.39910721895637086	0.24159814163797833	0.14929645489358262	0.20999818451206687
0.3993390985538888	0.241471790710413	0.14925176513139926	0.209937345604297
0.3993208621384975	0.2415435144493673	0.14922863560001579	0.20990698781211753
0.39948929230020486	0.24148652327398346	0.14917245242513294	0.20985173200067744
0.3995715547294053	0.24150254322874987	0.14911671726224957	0.20980918477959445
0.3996481140698346	0.24147255805061668	0.1491147146986243	0.20976461318092335
0.3996408590945432	0.2414517068067358	0.14910450436050232	0.2098029297382178
0.3996801215670239	0.24148801831932604	0.14905806552626924	0.20977379458737816
0.3998459843950767	0.24143173481019709	0.14900286239513058	0.20971941839959407
0.3999211407752657	0.24140219285062156	0.14900120562268662	0.2096754607514242
0.3999020374665894	0.24147281409180923	0.14897898659211706	0.2096461618494822
0.4001118840433234	0.2413653148240878	0.1489361459236737	0.2095866552089143
0.40010411709323707	0.2413448612595186	0.14892629392180395	0.20962472772543897
0.4002359862907213	0.24129908443173623	0.14889059288626696	0.20957433639127487
0.40022808994055464	0.24127879818495798	0.14888083912446348	0.20961227275002353
0.4002374063388911	0.2412620749224149	0.14886860924705944	0.20963190949163182
0.4002278325988713	0.24126817490469085	0.1488552357480763	0.20964875674835937
0.40021996786697295	0.24124798273086936	0.14884555364081198	0.20968649576134551
0.400169786609897	0.2412343488144594	0.14885351879848732	0.20974234577715473
0.40009595649628127	0.2412758462788596	0.148848350226899	0.20977984699796023
0.3997992861888147	0.241404683629996	0.14891842949371503	0.20987760068747202
0.39952697816477134	0.24141767053851704	0.1490805281061586	0.209974823190552
0.39936384577658435	0.24154160434288244	0.14913402671937456	0.20996052316115763
0.3992522256514225	0.24154378583056374	0.1491785786927182	0.21002540982529339
0.3990904436252516	0.24162340515954475	0.1491944905616916	0.21009166065351098
0.39868590897164224	0.241772323625999	0.14935435349279821	0.21018741390955906
0.39844937350212717	0.24192775734177147	0.14936983812365834	0.21025303103244186
0.39858217272091045	0.24188163534599227	0.14933389701697103	0.2102022949161233
0.3987884246620118	0.24177661962296523	0.14929158492951514	0.21014337078550593
0.39894635444713555	0.24164020459678234	0.14932355035755637	0.21008989059852534
0.39917539724632123	0.24158007838588053	0.1492719405612022	0.20997258380659392
0.3993931656278954	0.24146137945963161	0.14922999258874414	0.2099154623237261
0.39937592130178157	0.2415288081254008	0.14920829699467072	0.20988697357814498
0.39953411375377074	0.24147527196960555	0.14915553337342752	0.20983508090319364
0.3996113595838901	0.24149035439203567	0.14910317057301067	0.20979511545106216
0.3996832356812442	0.24146219410958297	0.1491013248514393	0.2097532453577315
0.39967637020732005	0.2414425998621939	0.14909174030848982	0.20978928962199464
0.39971324895370064	0.24147675859068368	0.14904808480494183	0.20976190765067143
0.39986917371375935	0.2414238474846891	0.14899618690598945	0.2097107918955598
0.39993981030687303	0.2413960787858162	0.1489946465710968	0.20966946433621306
0.3999218019033403	0.24146253207064322	0.14897375509650418	0.20964191092951032
0.40011921176021953	0.2413614041973642	0.14893345620798445	0.20958592783443009
0.4001118939062554	0.24134216163112146	0.14892418850004274	0.20962175596257807
0.4002359862907214	0.2412990844317352	0.1488905928862664	0.2095743363912748
0.40022855386657574	0.24127999004164546	0.14888141217705186	0.2096100439147255
0.40023732296637227	0.2412642477895677	0.14886989992960062	0.20962852931445689
0.4002283110194622	0.24126998853150358	0.14885731033995697	0.20964439010907465
0.4002209066126125	0.24125097750111463	0.14884819312618877	0.20967992276008468
0.40017365974423375	0.24123813629105903	0.14885568788632275	0.20973251607838347
0.4001041392832517	0.24127720422454196	0.14885081872072226	0.20976783777148403
0.39982474082951447	0.2413985283998099	0.1489168069366379	0.20985992383403654
0.3995682012611878	0.24141077571413522	0.14906948490708116	0.2099515381175949
0.39941442640961294	0.24152753916596545	0.14911990853866883	0.2099381258857519
0.39930917307901886	0.24152962068242023	0.14916190791915143	0.20999929831940678
0.39915663006151575	0.24160466676260167	0.14917693215489294	0.2100617710209874
0.3987752449495213	0.24174504931802146	0.14932762546654066	0.21015208026591584
0.39855214676871215	0.24189159350762116	0.1493422699797065	0.21021398974395902
0.3986770705418078	0.24184820787065112	0.149308459690318	0.2101662618972216
0.39887129939871624	0.24174928012842745	0.14926862762714807	0.21011079284570383
0.3990200049858201	0.24162072331300535	0.14929882426914054	0.21006044743203214
0.39923580863504154	0.2415640729075271	0.1492502189125107	0.20994989954491727
0.3994410846737161	0.24145215208396176	0.14921069582656085	0.20989606741575997
0.39942473110700494	0.24151577100740748	0.14919026687386658	0.20986923101171914
0.3995738589634952	0.2414652949292245	0.1491405304851933	0.20982031562208478
0.39964666473797567	0.241479543430309	0.14909115525585603	0.20978263657585652
0.3997143972932961	0.24145299871401785	0.1490894447238859	0.2097431592687983
0.39970788207326224	0.24143451853798018	0.14908041373873632	0.20977718565001913
0.39974264989403513	0.24146676545077214	0.1490392267988723	0.20975135785631932
0.3998897601479559	0.24141684547183326	0.14899026070695734	0.209703133673252
0.39995638966945435	0.2413906492282143	0.14898882184572165	0.20966413925660912
0.3999393575851281	0.2414533991065205	0.14896910824147747	0.20963813506687065
0.4001257223813315	0.24135792963505964	0.14893106641591156	0.2095852815676947
0.4001188045460057	0.24133976268449914	0.14892231757794797	0.2096191151915443
0.40023598629072193	0.24129908443173564	0.1488905928862667	0.20957433639127446
0.4002289663044991	0.24128104962200211	0.1488819216303049	0.20960806244319108
0.4002372488407349	0.24126617966308547	0.1488710474619829	0.20962552403419424
0.4002287364087092	0.24127160112376803	0.14885915497017418	0.2096405074973467
0.40022174142069344	0.2412536406915498	0.14885054036875855	0.20967407751899667
0.4001771047191025	0.24124150507731218	0.14885761719019674	0.2097237730133862
0.40011141853015886	0.24127841222640395	0.1488530146444454	0.20975715459899033
0.3998473914798017	0.24139305120733742	0.1489153631145332	0.20984419419832473
0.3996048941711025	0.24140463859218408	0.14905965529348697	0.20993081194322538
0.399459461704388	0.24151501600540753	0.14910733818532085	0.20991818410488358
0.39935988819303436	0.2415170057648837	0.14914706159126898	0.2099760444508119
0.39921558609564056	0.24158797540358762	0.14916129188040725	0.21003514662036238
0.3988548446187362	0.24172074750877726	0.1493038104023368	0.21012059747015027
0.39864373931942954	0.24185936394127944	0.14931770097740638	0.21017919576188399
0.3987616686683603	0.24181840843202768	0.14928578319301786	0.210134139706593
0.39894519862734135	0.24172490155858137	0.14924815664885455	0.210081743165221
0.39908569766937513	0.2416033469593059	0.14927676980584864	0.2100341855654693
0.39928970881149417	0.24154979251891745	0.149230838449289	0.209929660220298
0.39948384792614344	0.241443917516929	0.14919347527681573	0.2098787592801126
0.3994682983923555	0.24150413416851485	0.149174173316141	0.20985339412298787
0.3996093440764161	0.24145638727954857	0.1491271356839879	0.20980713296004647
0.39967819236902324	0.2414698892021559	0.14908042553392328	0.20977149289489705
0.3997422329052061	0.2414447847788122	0.14907883260858656	0.20973414970739332
0.39973603426826876	0.24142729881269998	0.14907029476320396	0.2097663721558266
0.39976891967926614	0.2414578365649508	0.14903131215687881	0.20974193159890356
0.39990815865053264	0.2414105876347372	0.1489849643459103	0.20969628936881626
0.3999712112666329	0.24138579531931117	0.14898361466524196	0.20965937874881213
0.39995505517383884	0.2414452327751738	0.1489649532095124	0.20963475884147284
0.40013154535779594	0.24135482205220787	0.14892892903105093	0.20958470355894268
0.4001249860889728	0.24133761683517976	0.1489206440447089	0.20961675303113697
0.4002359862907216	0.2412990844317363	0.14889059288626663	0.20957433639127557
0.4002293353751757	0.24128199778902248	0.148882377515289	0.20960628932051056
0.4002371825044439	0.2412679085294796	0.14887207440818592	0.20962283455788724
0.4002291171211017	0.24127304435221317	0.14886080586659414	0.2096370326600899
0.400222488647623	0.24125602448208713	0.14885264135806728	0.20966884551222256
0.40018018881279943	0.24124452096359417	0.1488593443882604	0.20971594583534334
0.4001179360597933	0.2412794938201494	0.14885498078161905	0.20974758933843485
0.3998676772692647	0.2413881458659052	0.1489140700359287	0.20983010682889836
0.3996377647622115	0.24139914077730032	0.14905084963566453	0.20991224482482063
0.39949981620279335	0.2415037944542817	0.14909607434644204	0.2099003149964802
0.39940534100881697	0.2415056997955668	0.14913375574705665	0.20995520344855775
0.39926843516936306	0.2415730130188856	0.14914727170365033	0.2100112801081002
0.39892621739884376	0.2416989573719009	0.1492824567037919	0.2100923685254623
0.39872588155607713	0.24183045974934692	0.14929566694969004	0.2101479917448837
0.3988375575979608	0.24179167678214336	0.14926544119281776	0.2101053244270735
0.39901150554582954	0.2417030276111283	0.1492297888321072	0.2100556780109322
0.3991446561464001	0.24158775186872816	0.14925697616222022	0.21001061582265104
0.3993380966264612	0.2415369725831164	0.1492134400226033	0.20991149076781715
0.3995222450034439	0.24143652370824908	0.14917801296414762	0.2098632183241589
0.39950742473605544	0.24149368350686645	0.1491597202221304	0.2098391715349461
0.3996412191813538	0.24144838583204561	0.14911510357646687	0.20979529141013273
0.399706517961487	0.24146121548569924	0.1490707855539863	0.20976148099882547
0.39976724803446384	0.24143740313218123	0.1490692957808439	0.2097260530525109
0.39976133689223076	0.24142080986951686	0.14906120003248413	0.20975665320576764
0.39979253321582037	0.2414498105163985	0.14902419779768664	0.20973345847009348
0.3999247004223536	0.2414049613228743	0.1489802024803439	0.20969013577442813
0.39998454056660365	0.24138143012121446	0.14897893176435337	0.20965509754782843
0.399969174833981	0.24143788732707178	0.14896121584320055	0.20963172199574717
0.40013678416741844	0.24135202622518745	0.14892700607078563	0.20958418353660827
0.4001305481368841	0.2413356860362202	0.1489191382277793	0.20961462759911598
0.40023598629072216	0.24129908443173595	0.14889059288626658	0.2095743363912755
0.4002296675769635	0.24128285123742227	0.14888278785893122	0.20960469332668158
0.4002371227909997	0.24126946479031394	0.14887299882672864	0.20962041359195746
0.4002294598438126	0.24127434356698715	0.14886229202703335	0.20963390456216482
0.40022316138889724	0.2412581706497655	0.1488545329149266	0.20966413504641215
0.4001829659095878	0.24124723664246864	0.14886089965754135	0.2097088977904017
0.4001238054893618	0.24128046786072643	0.14885675140704235	0.2097389752428659
0.39988595018135487	0.24138372726179258	0.1489129052643191	0.2098174172925314
0.3996673807254861	0.2413941873195692	0.14904291585565413	0.20989551609928947
0.39953618361040416	0.2414936816108599	0.14908592339336726	0.2098842113853686
0.3994463101689902	0.24149550909429088	0.1491217624468981	0.20993641828982199
0.39931607944178615	0.24155952419339324	0.149134632293463	0.20998976407135717
0.3989905760336078	0.24167930865626344	0.14926320153559716	0.21006691377453104
0.39879996432004183	0.2418043915228666	0.14927579481397638	0.21011984934311373
0.3989060163826851	0.24176756237870925	0.14924709084027266	0.21007933039833174
0.3990713330228738	0.2416832911625221	0.1492132158988473	0.21003215991575605
0.3991978654229188	0.2415736774975982	0.1492391126503001	0.20998934442918157
0.3993817765650189	0.24152539995871794	0.14919773437007142	0.2098950891061912
0.3995569121137684	0.24142984814856527	0.1491640526906879	0.20984918704697608
0.3995427562266355	0.2414842464519666	0.14914666892966044	0.20982632839173485
0.3996700084986143	0.24144115899432717	0.1491042362817118	0.20978459622534934
0.3997321057533204	0.2414533801243952	0.14906207732307472	0.20975243679920824
0.39978985069390305	0.24143073337472434	0.14906067868886777	0.20971873724250534
0.39978420175468227	0.24141494609848882	0.14905298152647906	0.20974787062034916
0.39981387399236706	0.241442556960443	0.14901776818264614	0.20972580086454243
0.3999396530273914	0.24139987553036918	0.14897589808684594	0.20968457335539206
0.39999659214290967	0.2413774833634646	0.14897469775825134	0.20965122673537193
0.3999819431009531	0.2414312449120653	0.1489578361803494	0.20962897580663079
0.4001415225176904	0.24134949748131523	0.14892526680939694	0.20958371319159821
0.4001355793718232	0.24133393950268672	0.14891777611819748	0.20961270500729104
0.40023598629072193	0.24129908443173487	0.1488905928862666	0.2095743363912758
0.40022996817165457	0.2412836234851001	0.1488831591607295	0.20960324918251494
0.40023706875574216	0.24127087306534029	0.14887383534173937	0.20961822283717751
0.40022976999286614	0.24127551929949467	0.14886363693718524	0.20963107377045556
0.4002237702531667	0.24126011303813216	0.1488562448678553	0.20965987184084295
0.4001854796748307	0.2412496948136055	0.14886230745214313	0.20970251805941953
0.40012911891025404	0.24128134963083367	0.14885835430183722	0.20973117715707515
0.39990249564947034	0.24137972637386026	0.14891185060530027	0.20980592737136924
0.39969420263682215	0.2413897011847496	0.14903573057040717	0.20988036560802018
0.3995691270072839	0.24148452089701256	0.1490767281579109	0.20986962393779116
0.39948342791962727	0.24148627639566514	0.14911089660725785	0.20991939907744916
0.3993592517146133	0.2415473014596911	0.1491231792470146	0.20997026757867832
0.3990489060665316	0.2416615004750574	0.1492457500374591	0.2100438434209519
0.398867118288115	0.24178076139954152	0.1492577812748502	0.21009433903749203
0.3989680853041411	0.24174569878561644	0.1492304532882705	0.21005576262197076
0.39912558656221725	0.2416653934967013	0.14919818701360799	0.2100108329274724
0.39924612733448817	0.24156091175261082	0.14922291007644398	0.2099700508364534
0.3994214038301962	0.2415149010553091	0.14918348590548525	0.20988020920900893
0.3995883675857895	0.24142379102759734	0.14915138572805045	0.20983645565855952
0.39957481942139106	0.24147568236015485	0.14913482493085545	0.20981467328759978
0.3996961394364452	0.24143459947624124	0.1490943724630917	0.20977488862422203
0.39975533437797595	0.24144626717506712	0.14905417198178625	0.20974422646517088
0.3998103738187556	0.24142467726148578	0.14905285440363353	0.2097120945161241
0.39980496496105944	0.24140962130424173	0.1490455184360438	0.20973989529865428
0.39983325506681233	0.24143596949125315	0.14901192899270438	0.20971884644922828
0.3999532349762029	0.24139525593577296	0.14897198826297198	0.2096795208250519
0.40000754131330146	0.2413738976314418	0.1489708510536326	0.20964771000162383
0.3999935451271135	0.24142520920864025	0.14895476521254375	0.20962648045170024
0.4001458288521641	0.2413471992939107	0.14892368612395804	0.20958328572996646
0.4001401523200785	0.24133235205794154	0.14891653808087493	0.20961095754110481
0.4002359862907226	0.24129908443173576	0.14889059288626685	0.20957433639127548
0.4002302414652559	0.24128432559446958	0.14888349673956328	0.20960193620071196
0.40023701962551833	0.24127215350461279	0.14887459592234473	0.2096162309475231
0.40023005200147266	0.2412765883554237	0.1488648598209324	0.2096284998221718
0.4002243239258131	0.2412618793551186	0.14885780163764747	0.20965599508141913
0.40018776586781096	0.24125193044544002	0.14886358779848566	0.20969671588826405
0.40013395175531286	0.24128215164866798	0.14885981222176467	0.2097240843742526
0.39991754757545156	0.24137608664190438	0.1489108911492495	0.20979547463339082
0.3997186080828236	0.24138561921908483	0.14902919262876263	0.20986658006932626
0.39959910821185185	0.24147618389288214	0.14906835973627328	0.20985634815899032
0.3995172129716151	0.24147787267513626	0.1491010063808615	0.209903907972389
0.3993985533913561	0.24153617455120635	0.1491127530197245	0.2099525190377142
0.3991020166661575	0.24164528578881805	0.14922986011791017	0.2100228374271133
0.3989282720863986	0.24175924261462656	0.14924137723545056	0.21007110806352383
0.39902461910555603	0.24172578492210559	0.14921529942319744	0.2100342965491385
0.399175010451721	0.24164908908101518	0.1491844959996683	0.2099914044675931
0.3992901012323817	0.24154928022894698	0.1492081470820834	0.2099524714565867
0.39945751743424324	0.2415053330662237	0.1491705008204426	0.20986664867908875
0.3996170379615907	0.24141827020965317	0.14913984030985472	0.2098248515189005
0.39960404776707975	0.24146787545763382	0.1491240281124439	0.20980404866284455
0.39971996395358816	0.24142861892735898	0.1490853792644034	0.20976603785464878
0.39977651572650086	0.24143978113204637	0.1490469633850001	0.20973673975645232
0.39982909177578907	0.24141915383032347	0.14904571832489955	0.20970603606898766
0.39982390354443775	0.2414047644407133	0.14903871118489437	0.20973262082995514
0.3998509345254726	0.24142996038739764	0.14900660247082106	0.2097125026163107
0.39996562647468514	0.24139104124609737	0.14896842113300618	0.20967491114621264
0.40001753272429985	0.24137062555501168	0.14896734083272536	0.20964450088796413
0.40000413371879556	0.24141970072260927	0.1489519624931123	0.20962420306548318
0.40014975967795174	0.24134510150648386	0.1489222432729381	0.20958289554262433
0.40014432687088297	0.2413309029121448	0.1489154079019603	0.20960936231501306
0.4002359862907217	0.24129908443173537	0.1488905928862674	0.20957433639127448
0.400230491015575	0.24128496670577407	0.14888380499012477	0.2096007372885285
0.40023697476144826	0.24127332275878272	0.14887529045902592	0.2096144120207427
0.40023030953328304	0.24127756462318692	0.14886597656510492	0.20962614927842346
0.4002248295858753	0.24126349250317744	0.14885922340972546	0.20965245450122155
0.4001898540535839	0.24125397244916522	0.14886475725401274	0.20969141624323834
0.40013836640262895	0.24128288426596284	0.14886114398436184	0.20971760534704842
0.39993129945663747	0.24137276127600438	0.14891001456205322	0.209785924705305
0.39974090954697766	0.24138188915773226	0.1490232183199461	0.2098539829753426
0.39962650956452345	0.24146856427940547	0.149060711408733	0.20984421474733544
0.3995480948906809	0.24147019108218218	0.14909196601675967	0.20988974801037366
0.39943448266489645	0.24152600242187638	0.1491032214474502	0.20993629346577636
0.39915057839195156	0.24163045987548884	0.14921533115530186	0.21000363057725685
0.39898419549302905	0.2417395642987572	0.14922637620867105	0.21004986399954154
0.3990763265905204	0.24170757111421895	0.14920143925050916	0.2100146630447484
0.39922022211306607	0.24163417423461678	0.14917197182377037	0.20997363182854686
0.3993303342863125	0.2415386381948936	0.14919463997043925	0.209936387548357
0.3994905648611909	0.2414965774344162	0.14915861821662496	0.20985423948776777
0.39964327745251926	0.2414132174871704	0.14912927379694582	0.2098142312633652
0.3996308013094285	0.2414607295760455	0.14911414547516874	0.20979432363935466
0.39974177450427684	0.2414231439343606	0.14907714629100657	0.20975793527035425
0.39979590903281903	0.24143384261406653	0.14904036330826503	0.20972988504484966
0.39984623269963854	0.24141409576160366	0.14903918347806977	0.2097004880606854
0.39984124789717534	0.24140031642300389	0.14903247696120578	0.20972595871861469
0.3998671270416163	0.24142445668317938	0.14900172393956743	0.20970669233563824
0.3999769774651274	0.24138718046184143	0.14896515353319129	0.20967068853983942
0.40002668677742315	0.24136762770400952	0.14896412479560303	0.20964156072296433
0.4000138361042373	0.24141465326622347	0.148949394345711	0.2096221162838272
0.4001533620591366	0.24134317900206376	0.14892092098097115	0.20958253795782775
0.4001481529138951	0.2413295747466933	0.14891437207479036	0.20960790026462006
0.4002359862907213	0.24129908443173545	0.14889059288626683	0.20957433639127504
0.4002307197879611	0.24128555443719735	0.14888408757528607	0.2095996381995534
0.40023693363098456	0.241274394707151	0.14887592719608772	0.20961274446577852
0.4002305456424367	0.24127845968059067	0.14886700041345738	0.20962399426351264
0.40022529321904987	0.24126497157778623	0.14886052701416935	0.2096492081889929
0.40019176888851365	0.24125584493585578	0.14886582962713282	0.20968655654849686
0.4001424148825284	0.24128355611722896	0.14886236528557173	0.20971166371466993
0.3999439127490823	0.2413697112341919	0.14890921055200373	0.20977716546471914
0.39976136786109734	0.24137846737491578	0.14901773777007826	0.20984242699390895
0.3996516503199454	0.24146157328005305	0.1490536940642113	0.20983308233579026
0.3995764324590239	0.24146314237303915	0.14908367048515858	0.20987675468277744
0.3994674557474387	0.2415166672356365	0.14909447411447116	0.2099214029024532
0.3991951516548385	0.2416168516413985	0.14920199548283067	0.20998600122092959
0.3990355320103233	0.24172150001649054	0.1492126055799289	0.2100303623932572
0.3991238004952159	0.24169084857239986	0.14918871388748384	0.20999663704489893
0.39926173802785436	0.24162047857571384	0.14916047141427638	0.2099573119821559
0.39936728436914604	0.24152886453862316	0.1491822350236249	0.20992161606860474
0.39952092070337936	0.24148853491486247	0.14914770340480218	0.2098428409769532
0.399667382647469	0.2414085757484703	0.14911956675444474	0.20980447484961443
0.39965538159946595	0.2414541641710003	0.14910506562744635	0.20978538860208829
0.39976181610356126	0.24141811299234947	0.1490695810554426	0.20975048984864703
0.3998137315364411	0.24142838509916534	0.14903429781898883	0.20972358554540355
0.3998619878370971	0.24140944662083175	0.1490331769517613	0.209695388590309
0.3998571911898842	0.24139622771186117	0.1490267463320748	0.20971983476618167
0.3998820126353118	0.24141939719124297	0.14899723916194438	0.20970135101149828
0.3999874137232916	0.24138363080321043	0.14896214925656706	0.2096668062169317
0.4000351045046829	0.24136487099157236	0.14896116744731347	0.20963885705643262
0.40002275907050017	0.24141001128582565	0.14894703250462044	0.20962019713905403
0.40015667551021833	0.2413414106927075	0.14891970474384225	0.2095822090532324
0.400151672342591	0.24132835301876857	0.14891341925752008	0.2096065553811237
0.4002359862907225	0.2412990844317367	0.14889059288626666	0.20957433639127487
0.40023093027370765	0.24128609518902466	0.148884347572346	0.20959862696492076
0.4002368957866751	0.24127538101122362	0.14887651306045868	0.20961121014164336
0.4002307628952442	0.24127928325617068	0.1488679424943746	0.20962201135421055
0.4002257198557619	0.2412663326269025	0.14886172659508748	0.2096462209222491
0.40019353109842015	0.24125756817295502	0.1488668165250131	0.20968208420361267
0.40014614093786616	0.24128417446165998	0.14886348932126067	0.2097061952792096
0.3999555232360898	0.24136690368247873	0.14890847046385747	0.20976910261757217
0.39978020245395673	0.24137531716977967	0.1490126921966851	0.20983178817958018
0.399674799142899	0.24145513618603617	0.1490472327123851	0.2098228319586807
0.3996025276780192	0.24145665142764366	0.14907603137825892	0.20986478951607612
0.3994978230672023	0.24150806978087255	0.14908641805670686	0.20990768909521734
0.3992362084418222	0.24160431698873883	0.149189711888845	0.2099697626805922
0.3990828237378603	0.24170485901393957	0.1491999199351524	0.21001239731304722
0.39916754031178997	0.24167544135202143	0.14917698944543278	0.20998002889075615
0.39929999355555357	0.24160785848384764	0.14914987417135775	0.2099422737892395
0.39940133755913687	0.2415198571386821	0.14917080262677473	0.20990800267540538
0.3995489009225957	0.24148112179620426	0.14913764277707972	0.20983233450411973
0.39968960377236695	0.24140429680961117	0.14911061841761317	0.20979548100040565
0.3996780431090127	0.24144811127297	0.14909669456854088	0.20977715104947656
0.39978029557136086	0.24141347418435874	0.14906260548802283	0.20974362475625669
0.3998301666550391	0.24142335242213175	0.14902870449508046	0.2097177764277467
0.39987651871308516	0.241405158744056	0.1490276371658259	0.20969068537703403
0.39987189659646	0.2413924564607886	0.14902146064656085	0.2097141862961908
0.39989574339447065	0.24141473021815407	0.14899310231643625	0.2096964240709389
0.39999704153853816	0.24138035611826422	0.14895937770570683	0.20966322463748815
0.40004287131305305	0.24136232744785963	0.14895843878234946	0.20963636245673647
0.40003099291017497	0.24140572780864558	0.14894485307008024	0.20961842621110152
0.4001597334515486	0.24133977874277543	0.1489185822942601	0.20958190551141556
0.4001549205945356	0.24132722542663124	0.1489125398561104	0.20960531412272124
0.40023598629072227	0.24129908443173548	0.1488905928862664	0.20957433639127485
0.4002311245811287	0.24128659437766437	0.14888458758555018	0.2095976934556563
0.40023686084982424	0.24127629154067218	0.14887705391472017	0.20960979369478389
0.40023096346384723	0.24128004358423039	0.14886881222700582	0.20962018072491406
0.40022611375440326	0.24126758923559738	0.14886283412588375	0.20964346288411717
0.40019515823176965	0.24125915932083755	0.14886772777540058	0.20967795467199354
0.40014958161087705	0.2412847454464688	0.1488645272659252	0.20970114567672785
0.3999662459358196	0.24136431080812443	0.1489077869660017	0.20976165629005375
0.3997975992528531	0.24137240744480337	0.14900803179195468	0.2098219615103885
0.3996961837471956	0.24144918967598364	0.14904126379326194	0.20981336278355978
0.3996266365733888	0.24145065456195994	0.14906897374716654	0.20985373511748492
0.3995258817711818	0.24150012593070475	0.14907897444489523	0.2098950178532185
0.3992741490940013	0.24159273369321824	0.1491783605971058	0.2099547566156714
0.3991265305891805	0.24168947945683358	0.14918819590604554	0.20999579404793942
0.39920796992996754	0.24166120013918937	0.14916615230086688	0.2099646776299755
0.3993353582587211	0.24159619204425967	0.14914007772172908	0.20992837197529024
0.39943282168087363	0.2415115292822826	0.14916023272203738	0.20989541631480552
0.399574773889044	0.24147426697605842	0.14912833983768983	0.20982261929720888
0.39971015340880617	0.24140033973550945	0.14910234318089985	0.20978716367478792
0.3996990020732637	0.2414425131254521	0.14908895242214917	0.20976953237913412
0.39979738869604137	0.2414091833831184	0.14905615323274718	0.20973727468809272
0.3998453703199854	0.24141869683446907	0.14902353026879697	0.20971240257674806
0.3998899626885932	0.24140119159779413	0.1490225117524284	0.20968633396118258
0.3998855028990756	0.24138896707862947	0.14901657002104363	0.2097089600012503
0.39990844869002445	0.24141041179178288	0.14898927442576865	0.20969186509242502
0.40000595134690015	0.2413773256472222	0.14895681284686915	0.2096599101590069
0.40005005989262876	0.24135997326767436	0.14895591326294697	0.20963405357674914
0.4000386144876644	0.24140176284763548	0.14894283569666805	0.20961678696803207
0.4001625643405442	0.24133826796522828	0.14891754318662778	0.209581624507598
0.4001579278488652	0.2413261814939614	0.14891172570014433	0.2096041649570281
0.4002359862907229	0.24129908443173653	0.14889059288626633	0.20957433639127454
0.4002313045064389	0.24128705661770738	0.1488848098336246	0.2095968290422278
0.4002368284977706	0.2412771347047544	0.14887755475397274	0.2096084820435031
0.400231149199107	0.24128074768111596	0.14886961763728598	0.209618485482492
0.40022647854398463	0.2412687529810714	0.14886385981029654	0.20964090866464816
0.4001966652460966	0.24126063300623218	0.14886857175502075	0.20967412999264726
0.4001527684788687	0.2412852743119564	0.14886548864546228	0.20969646856371063
0.39997617892460013	0.24136190889512754	0.1489071538067509	0.20975475837352275
0.3998137168421251	0.2413697116757545	0.14900371407294719	0.20981285740917466
0.39971599841165073	0.24144367972594047	0.14903573307929763	0.2098045887831106
0.3996489776233908	0.24144509743152687	0.14906243363461777	0.2098434913104647
0.3995518854808014	0.2414927638810119	0.14907207599654987	0.20988327464163867
0.39930931540403697	0.24158199740540984	0.1491678393482169	0.20994084784233763
0.3991670452979929	0.24167522315012294	0.14917732814478993	0.20998040340709448
0.39924545141937406	0.24164799739595538	0.14915610540115448	0.20995044578351818
0.399368147880497	0.241585375096647	0.14913099460072446	0.20991548242213068
0.3994620168929651	0.24150380686474296	0.1491504312540725	0.209883744988217
0.3995987690167425	0.24146790967315343	0.1491197120980332	0.20981360921207148
0.3997292133165172	0.2413966695261858	0.14909466785055736	0.20977944930674022
0.39971844341252505	0.24143732033615906	0.14908177087955005	0.20976246537176446
0.39981324584400363	0.24140520284290523	0.149050167529809	0.20973138378327916
0.3998594759391599	0.2414143774847036	0.14901872973775798	0.20970741683838084
0.3999024373164066	0.24139751049371558	0.14901775589546828	0.20968229629441087
0.399898128881688	0.24138572910284067	0.14901203176002753	0.20970411025544458
0.39992023926472736	0.24140640427157156	0.14898572212502265	0.20968763433868198
0.40001422058052466	0.24137451305327734	0.1489544323897276	0.20965683397646817
0.40005673249858364	0.24135778806313402	0.1489535690173816	0.2096319104209012
0.4000456896459965	0.24139808214938857	0.14894096295623857	0.2096152652483782
0.40016519255997524	0.24133686534756674	0.14891657847099726	0.20958136362146246
0.40016071996673414	0.24132521224336081	0.14891096978821866	0.2096030980016871
0.40023598629072155	0.24129908443173628	0.14889059288626702	0.20957433639127593
0.4002314715894395	0.24128748586500826	0.14888501621856948	0.2095960263269809
0.40023679845389604	0.2412779177128013	0.14887801986055466	0.20960726397274926
0.4002313216878752	0.24128140156236683	0.1488703656063443	0.209616911143412
0.4002268173362629	0.24126983379038916	0.14886481239769275	0.20963853647565547
0.4001980649691453	0.24126200177318397	0.14886935564784884	0.20967057760982202
0.40015572862619675	0.2412857655528149	0.14886638163038568	0.2096921241906046
0.3999854063454821	0.2413596775967071	0.14890656562256716	0.20974835043524231
0.39982869131131227	0.24136720710078804	0.14899970258281905	0.20980439900508221
0.3997344098993579	0.24143855996336683	0.14903059402320085	0.2097964361140729
0.3996697383985484	0.24143993337990918	0.14905635613127297	0.2098339720902721
0.3995760519798385	0.24148592197385765	0.1490656649364454	0.20987236110985788
0.39934200094172867	0.24157201849833734	0.1491580603103604	0.20992792024957524
0.3992047052522546	0.24166197137380746	0.14916722614964256	0.20996609722429632
0.3992802959029002	0.24163572353020216	0.14914676534991722	0.2099372152169808
0.39939863379762286	0.24157531811670577	0.14912254963371513	0.2099034984519563
0.3994891640475052	0.24149662617834652	0.14914131736359262	0.20987289241055646
0.39962108358452875	0.24146199762015808	0.1491116886241095	0.20980523017120495
0.3997469398240105	0.2413932560787516	0.1490875294738706	0.2097722746233642
0.399736526202857	0.24143249041581571	0.14907509117876805	0.20975589220255916
0.3998279963949073	0.24140150008619776	0.149044599541412	0.2097259039774839
0.39987259832196614	0.241410359216495	0.1490142638291575	0.20970277863238046
0.3999140437874116	0.24139408557167205	0.14901333101668565	0.20967853962423008
0.3999098768068959	0.24138271630783123	0.1490078091064215	0.2096995977788509
0.3999312104694986	0.24140267524851683	0.14898241668657852	0.20968369759540612
0.4000219159238785	0.24137189565521067	0.14895221713788337	0.20965397128302873
0.40006294275873755	0.24135575427172357	0.14895138720491896	0.2096299157646231
0.40005227511384567	0.24139465620203263	0.1489392198331423	0.2096138488509796
0.40016763912202236	0.2413355596760944	0.148915680434621	0.2095811207672651
0.4001633192369021	0.24132430993755324	0.14891026608607585	0.2096021047394697
0.40023598629072155	0.24129908443173553	0.14889059288626688	0.20957433639127643
0.4002316271576996	0.2412878855301715	0.14888520838022729	0.2095952789319021
0.4002367704796846	0.24127864678087224	0.14887845292680463	0.20960612981263801
0.40023148229845257	0.2412820104150326	0.14887106206759	0.2096154452189243
0.4002271328147252	0.24127084022436462	0.14886569943327427	0.20963632752763586
0.40019936846489984	0.24126327644099582	0.14887008565009915	0.20966726944400943
0.4001584854159067	0.2412862230461705	0.14886721326860308	0.20968807826931926
0.39999400079769376	0.2413575993575233	0.14890601778575382	0.2097423820590291
0.3998426401071016	0.24136487407620597	0.14899596585893846	0.20979651995775483
0.3997515621624077	0.24143379035887982	0.14902580644474137	0.20978884103397438
0.399689080840518	0.24143512212560758	0.14905069383037664	0.20982510320349876
0.3995985693284275	0.24147954696653381	0.14905969137465777	0.20986219233038214
0.3993724592688719	0.24156271955949074	0.14914894762153108	0.20991587355010602
0.3992398019118437	0.24164962156904818	0.14915781173871667	0.2099527647803897
0.3993127722130726	0.2416242838464749	0.14913806008669253	0.20992488385376082
0.3994270505486043	0.24156594373267817	0.1491146778507035	0.20989232786801762
0.39951447134991236	0.24148993215073292	0.149132821151508	0.209862775347849
0.3996418881723439	0.24145648562338254	0.14910420808182606	0.20979741812244943
0.39976346812606006	0.24139007335986495	0.1490808736085793	0.20976558490549566
0.3997533880386091	0.24142798661291678	0.14906886249307194	0.20974976285540156
0.3998417522796204	0.2413980470155456	0.14903940701626753	0.2097207936885692
0.3998848368112248	0.24140661160959742	0.14901009873389864	0.20969845284528
0.399924869681604	0.2413908909879229	0.14900920372687618	0.20967503560359846
0.39992083519182514	0.24137990599308712	0.14900387024378736	0.2096953885713007
0.3999414448477147	0.24139919666680223	0.14897933324151597	0.20968002524396784
0.40002909511593787	0.24136945381440295	0.14895015047006555	0.2096513005995938
0.40006873711801183	0.24135385668324247	0.14894935150835115	0.20962805469039564
0.40005842002987135	0.24139145944224358	0.14893759332075324	0.20961252720713058
0.40016992223125986	0.24133434123546443	0.1489148423953223	0.2095808941379568
0.40016574497200663	0.24132346787238326	0.1489096093651976	0.20960117779041187
0.40023598629072155	0.24129908443173592	0.14889059288626735	0.20957433639127607
0.40023177236189394	0.2412882585693731	0.14888538773994472	0.20959458132878836
0.4002367443684009	0.24127932729711277	0.1488788571532818	0.2096050711812057
0.4002316322169637	0.24128257873552597	0.14887171216444509	0.2096140768830657
0.4002274273058122	0.24127177970478994	0.1488665274583428	0.20963426553105416
0.40020058532666414	0.24126446639080334	0.1488707671343497	0.20966418114818675
0.4001610591076371	0.24128665015414533	0.14886798967182166	0.20968430106639738
0.4000020252506317	0.24135565895083969	0.1489055062824459	0.2097368095160825
0.3998556651199636	0.24136269556017947	0.14899247660600723	0.20978916271385378
0.3997675801132274	0.24142933617753265	0.1490213354780747	0.2097817482311641
0.39970714549479497	0.2414306287092272	0.14904540558868276	0.20981682020729656
0.39961960076667785	0.24147359264325546	0.14905411200569257	0.20985269458437558
0.39940091053010895	0.24155403337862869	0.1491404354176519	0.2099046206736101
0.3992725883664933	0.241638084678691	0.1491490170226257	0.20994030993219173
0.3993431138414661	0.2416135960980585	0.14912992702414837	0.20991336303632765
0.3994536018793406	0.24155718473095422	0.14910732281161454	0.2098818905780937
0.3995381197090491	0.24148367692974432	0.14912488188277356	0.20985332147842997
0.3996613310300708	0.24145133440528802	0.14909721716613888	0.2097901173985015
0.3997789157382267	0.24138709874052	0.14907465293174416	0.20975933258950968
0.399769148540132	0.24142377697682063	0.14906304063525014	0.2097440338478009
0.39985461082582335	0.24139481919927014	0.14903455321544576	0.20971601675945836
0.3998962778027775	0.24140310820832553	0.1490062050490926	0.20969440893980762
0.3999349911820739	0.24138790426180654	0.14900534498181484	0.20967175957430584
0.399931081042506	0.2413772784101514	0.1490001874932125	0.20969145305412953
0.3999510142157328	0.2413959441166317	0.14897645015277522	0.20967659151485757
0.4000358084015473	0.24136717044120332	0.14894821792233504	0.2096488032349173
0.40007415600205615	0.24135208205874187	0.1489474477251851	0.20962631421402075
0.40006416717101145	0.2413884696162439	0.1489360720963422	0.20961129111640067
0.40017205773841685	0.24133320156651974	0.14891405853491899	0.2095806821601406
0.400168013989248	0.24132268020996134	0.14890899507265112	0.20960031072813914
0.4002359862907231	0.24129908443173695	0.14889059288626702	0.20957433639127498
0.40023190820433396	0.24128860755759546	0.14888555553579383	0.2095939287022784
0.40023671993994603	0.2412799639551589	0.14887923532800074	0.20960408077689643
0.40023177247668806	0.24128311044090053	0.14887232037757767	0.20961279670483873
0.40022770283640463	0.2412726586977611	0.14886730217189564	0.2096323362939394
0.4002017239135602	0.24126557979686036	0.14887140478199537	0.20966129150758425
0.40016346735634356	0.24128704980660434	0.148868716165995	0.2096807666710569
0.40000953458930755	0.2413538431048172	0.14890502761410573	0.20973159469177183
0.3998678551771898	0.24136065669577775	0.14898921102820273	0.20978227709883102
0.3997825726716628	0.2414251671315116	0.1490171507212503	0.2097751094755739
0.39972405493136337	0.2414264226426137	0.14904045552508657	0.20980906690093848
0.3996392886785601	0.24146801869293236	0.14904888905692346	0.20984380357158794
0.39942754678243453	0.24154590132067663	0.14913246623806134	0.20989408565882622
0.399303285448782	0.24162728299621572	0.14914078276471415	0.2099286487902886
0.39937152456135305	0.24160358850642652	0.14912231154093433	0.2099025753912903
0.39947846563599887	0.2415489824419771	0.14910043525091432	0.20987211667111094
0.39956026706863756	0.24147781873773927	0.14911744653225248	0.2098444676613727
0.39967954161568725	0.24144650966710657	0.1490906693288572	0.20978327938834831
0.3997933852952387	0.24138431245719533	0.14906882611287012	0.20975347613469617
0.3997839121958786	0.2414198335986182	0.1490575870077373	0.20973866719776807
0.3998666570643286	0.24139179529252072	0.14903000604180783	0.20971154160134517
0.3999069967881098	0.24139982589606337	0.14900255708290466	0.20969062023292412
0.39994447487047324	0.24138510574592523	0.14900172939775394	0.2096686899858499
0.3999406816661432	0.24137481629786658	0.1489967366619141	0.20968776537407702
0.39995998135061644	0.2413928962605967	0.14897374850669623	0.2096733738820935
0.400042099709042	0.24136503059437064	0.14894640684908048	0.20964646284750593
0.4000792347617593	0.2413504188211928	0.14894566343580856	0.20962468298124096
0.40006955394972515	0.24138566726101202	0.14893464625711586	0.20961013253214653
0.4001740595089289	0.24133213326962022	0.14891332376396438	0.20958048345748673
0.4001701410008228	0.2413219418431221	0.1489084192253928	0.20959949793066354
0.40023598629072127	0.24129908443173503	0.14889059288626663	0.2095743363912753
0.4002320355621088	0.24128893474816104	0.1488857128511835	0.20959331683854632
0.40023669703671594	0.2412805608625342	0.14887958989083028	0.20960315220991763
0.40023190398192654	0.24128360895921425	0.14887289062832812	0.20961159643053312
0.4002279611805188	0.24127348286272338	0.14886802856196307	0.20963052739479615
0.4002027915428206	0.24126662381457162	0.14887200269093426	0.20965858195167567
0.40016572561786756	0.24128742456846586	0.14886939741367286	0.20967745239999516
0.40001657687137787	0.24135214019854734	0.14890457871739046	0.20972670421268438
0.3998792880713866	0.24135874447169745	0.14898614828576842	0.20977581917115012
0.3997966352450073	0.24142125669049871	0.14901322554396806	0.20976888252052706
0.3997399165294599	0.2414224772161692	0.14903581220542478	0.2098017940489477
0.39965775781961116	0.241462789795355	0.149043989432316	0.20983546295271815
0.3994525363362656	0.24153827200040015	0.14912498972673	0.2098842019366043
0.39933208671456677	0.24161714841322568	0.14913305704510324	0.20991770782710378
0.3993981830099871	0.2415941981471316	0.14911516575339548	0.20989245308948629
0.3995017977536399	0.24154128542442702	0.14909397197270763	0.2098629448492259
0.39958105193922444	0.24147232093732543	0.14911046859893243	0.20983615852451934
0.39969663348134254	0.2414419813241629	0.14908452374092862	0.2097768614535638
0.39980696683413425	0.2413816971722004	0.14906335689448963	0.20974797909917664
0.3997977706817972	0.24141613199162776	0.14905246774585748	0.20973362958071826
0.3998779656116405	0.24138895656468526	0.14902573732936197	0.20970734049431455
0.3999170600220764	0.2413967443845932	0.14899913228698128	0.2096870633063478
0.399953379193411	0.2413824781934228	0.14899833469236684	0.2096658079207977
0.399949696151442	0.2413725045027329	0.1489934965111482	0.20968430283467576
0.3999684013689111	0.24139003436502618	0.14897121169758937	0.20967035256847408
0.4000480076126146	0.24136302115376856	0.1489447061459814	0.20964426508763753
0.4000840044453463	0.24134885680264945	0.14894398773223988	0.2096231510197625
0.4000746132293512	0.24138303528010335	0.14893330710439923	0.20960904438614675
0.40017593972428667	0.24133112984378657	0.14891263361110707	0.20958029682081833
0.4001721389332975	0.24132124828456417	0.14890787832380667	0.20959873445833596
0.4002359862907229	0.24129908443173498	0.14889059288626705	0.20957433639127662
0.4002321552060754	0.24128924212143155	0.14888586063828876	0.2095927420342069
0.400236675520197	0.241281121629373	0.14887992298619118	0.20960227986424124
0.4002320275275021	0.241284077303557	0.14887342636333492	0.20961046880560322
0.4002282038975514	0.24127425717444245	0.14886871101313504	0.2096288279148716
0.40020379464720107	0.24126760473442374	0.14887256446373132	0.20965603615464815
0.4001678474809863	0.24128777669480914	0.14887003751416994	0.20967433831003632
0.4000231943567484	0.2413505400130971	0.14890415689852174	0.2097221087316322
0.3998900322223587	0.24135694744429015	0.1489832700498171	0.20976975028353664
0.39980985176042677	0.24141758151649179	0.14900953652028892	0.20976303020279177
0.39975482476018026	0.24141876893107717	0.14903144797425433	0.20979495833449013
0.39967511796324356	0.24145787487198384	0.1490393840104018	0.2098276231543703
0.3994760273155227	0.24153110019551327	0.1491179615671311	0.20987491092183438
0.39935916252826226	0.2416076209819343	0.1491257941648399	0.20990742232496468
0.39942324644843197	0.2415853696254371	0.14910844750776212	0.2098829364183697
0.3995237355297823	0.24153404838531475	0.14908789494392796	0.20985432114097693
0.399600596297806	0.24146715126439927	0.14910390713248636	0.20982834530530914
0.399712706643391	0.24143772287798615	0.14907874444025754	0.20977082603836147
0.3998197396695622	0.24137923761256425	0.14905821333698774	0.20974280938088724
0.39981080476676384	0.24141265058245404	0.14904765301395212	0.20972889163683225
0.3998886022170106	0.24138628651105987	0.14902172225930305	0.2097033890126283
0.39992652589364835	0.24139384579434595	0.14899591078995114	0.2096837175220541
0.39996175566806763	0.24138000640224158	0.14899514122512256	0.20966309670456787
0.3999581765858552	0.24137032966674918	0.14899044831869596	0.2096810454286987
0.3999763228605785	0.241387341914593	0.14896882508612633	0.2096675101387057
0.4000535661239127	0.24136113055109196	0.14894310602213454	0.20964219730286043
0.40008849243365735	0.24134738703619288	0.1489424109949403	0.2096217095352123
0.4000793739951472	0.24138055859456534	0.14893204696601656	0.20960802044427393
0.40017770913017664	0.24133018555431246	0.14891198413203519	0.20958012118347888
0.40017401919051343	0.24132059557557156	0.14890736928051926	0.20959801595339791
0.4002359862907233	0.24129908443173623	0.14889059288626735	0.20957433639127454
0.40023226781644206	0.24128953142492798	0.1488859997373258	0.20959220102130585
0.4002366552681393	0.24128164944149558	0.14888023650645907	0.20960145878390712
0.4002321438148639	0.24128451813298085	0.1488739306242645	0.20960940742788992
0.40022843236378836	0.24127498602351752	0.1488693533951272	0.20962722821756669
0.4002047389047005	0.2412685281088485	0.14887309328026044	0.20965363970619075
0.4001698449410818	0.24128810817628676	0.14887064008612033	0.2096714067965093
0.40002942435628014	0.24134903352625892	0.14890375977919285	0.20971778233826827
0.39990014804742524	0.24135525550837666	0.14898056013523672	0.2097640363089638
0.39982229634124655	0.24141412099770648	0.14900606296074076	0.2097575197003091
0.3997688630695055	0.2414152770309213	0.1490273384036225	0.20978852149595137
0.3996914660842164	0.24145324646777694	0.1490350470650306	0.20982024038297736
0.39949815059589633	0.24152434594960911	0.14911134260316222	0.20986616085133059
0.3993846634352605	0.24159864772846193	0.14911895374127	0.2098977350950099
0.3994468538660729	0.2415770539827429	0.14910211954798125	0.20987397260320428
0.3995444003280786	0.24152723128805928	0.14908217054537498	0.20984619783848926
0.39961900798326494	0.24146228119453114	0.14909772592905365	0.20982098489315065
0.39972784954091845	0.2414337108974035	0.1490732996274974	0.20976513993417822
0.39983177394377817	0.2413769202715731	0.14905336719442272	0.2097379385902267
0.3998230858878017	0.24140937029023996	0.14904311642350643	0.20972442739845162
0.39989862504162144	0.24138377053173507	0.14901793887714185	0.20969966554949904
0.39993544605956055	0.24139111430726642	0.14899287501159905	0.20968056462157528
0.3999696498795718	0.2413776769207863	0.14899213161703737	0.209660541582607
0.3999661690626882	0.24136827996913188	0.14898757551685954	0.20967797545131964
0.39998378882723906	0.2413848042933955	0.1489665757166417	0.20966483116272594
0.40005880534724597	0.24135934854704033	0.1489415978114385	0.2096402482942747
0.4000927229660902	0.24134600158367928	0.14894092470802847	0.20962035074220267
0.4000838619099347	0.24137822385386748	0.14893085904921294	0.20960705518698589
0.4001793772419436	0.24132929532307612	0.14891137183403427	0.20957995560094478
0.40017579187142155	0.2413199802104217	0.14890688936143795	0.20959733855672108
0.400235986290722	0.24129908443173456	0.14889059288626635	0.20957433639127726
0.40023237399573613	0.24128980420657373	0.1488861308925476	0.2095916909051432
0.40023663617226585	0.24128214712096324	0.14888053212793761	0.2096006845788304
0.4002322534653759	0.24128493380301536	0.14887440610559033	0.20960840662602112
0.4002286477985122	0.24127567329967498	0.1488699591362078	0.20962571976560582
0.40020562934612086	0.24126939885737866	0.14887359195794075	0.20965137983856175
0.40017172862703804	0.24128842077677512	0.14887120833593182	0.20966864226025114
0.4000352999356546	0.2413476127423649	0.14890338525169658	0.20971370207028758
0.3999096890981622	0.24135365970711484	0.1489780041961672	0.20975864699855878
0.39983403469786244	0.2414108568617595	0.14900278652408921	0.20975232191629148
0.3997821054410583	0.24141198311295853	0.14902346183558499	0.209782449610401
0.3997068881710804	0.24144888023805364	0.14903095578454884	0.20981327580631856
0.3995190222444105	0.24151797382739176	0.1491050981092567	0.20985790581894445
0.39940872296249896	0.2415901816673775	0.14911249995681453	0.2098885954133107
0.3994691285593892	0.2415692077882291	0.14909614882447442	0.20986551482790708
0.39956389982463075	0.24152079861145911	0.1490767689494702	0.20983853261443997
0.3996363826871081	0.2414576854163848	0.14909189286291308	0.20981403903359397
0.39974214066376507	0.2414299245872045	0.1490681610806696	0.20975977366836374
0.3998431319153305	0.24137473316061264	0.14904879339558988	0.20973334152847153
0.39983467745998	0.24140627417679678	0.14903883454928687	0.20972021381393932
0.3999080857225633	0.2413813956645167	0.14901436769108642	0.20969615092183752
0.39994386638742263	0.24138853587800882	0.14899000934191345	0.2096775883926553
0.39997710231092515	0.24137547780303403	0.1489892904342732	0.20965812945176865
0.39997371451924	0.24136634491137193	0.14898486339120845	0.20967507717817963
0.39999083746313185	0.2413824085195234	0.1489644520818585	0.20966230193548713
0.4000637520250119	0.24135766604578793	0.14894017381558206	0.20963840811361692
0.400096717578581	0.24134469339233475	0.14893952130541757	0.2096190677236681
0.4000880997768924	0.24137601919515	0.14892973731816248	0.20960614370979572
0.40018095251580726	0.24132845463720562	0.1489107936131676	0.20957979923382197
0.400177465951501	0.24131939907337716	0.1489064361366252	0.20959669883850066
0.40023598629072094	0.24129908443173426	0.14889059288626763	0.20957433639127604
