0.0	0.0	0.0	0.0
0.009956195261320994	0.0033266199276689445	0.005903131673192258	7.264436604597357E-4
0.015757317306233996	0.003914338607565813	0.010103253915343122	0.007461251785491299
0.01699584435985921	0.003392364462861917	0.010785653916395226	0.0075750487709850805
0.01842423399588433	0.0037675186263580714	0.011798797753759128	0.008951401057850417
0.018512424017105414	0.0034587618655069863	0.011835756132963459	0.008773987520969159
0.017495867276623746	0.0036542695341551957	0.0115223067897434	0.008301794785700015
0.016991847490366935	0.00411857205278057	0.011480347065682973	0.008294155662435554
0.016435542320186944	0.004330479783609184	0.01135834520471199	0.00810883588012292
0.01572808232493329	0.0063445898984298725	0.010950722730381019	0.007736302256834568
0.015042408956778518	0.007688002773549871	0.01058457513232267	0.007599602426788119
0.01441400499635375	0.008664084514963545	0.010252984864035985	0.007669377664759075
0.013865468674898263	0.008942869288343544	0.009903856259198814	0.007531620727473034
0.013363899489214072	0.008973148953393175	0.00959503761412735	0.007362016150881512
0.013016515571463409	0.009091798083996903	0.009282928845286528	0.007136736147171487
0.012655585886324391	0.009228958730360946	0.009003453770964316	0.006996505215049667
0.012614134262547648	0.00920069332204063	0.00881055769450539	0.006798190645705031
0.012931248533970853	0.009086810040819166	0.008879709351719035	0.006608229982781587
0.013272387687153513	0.009071290985207798	0.008983865199513288	0.006437059074705064
0.01346778864895211	0.008973471603971982	0.009039476249131555	0.006274146642376246
0.013730019386307317	0.008914672192895585	0.009069528160217473	0.006126106299428677
0.013821019983329217	0.008876037578123946	0.009036046386643867	0.005987191160679798
0.013819109332827399	0.008784838973566206	0.008975096974484429	0.005855727715573887
0.014154339119157802	0.008772440757342227	0.009054084311437534	0.005737695024497507
0.014600576768148923	0.008711172099554817	0.009265381694496665	0.005641804818203051
0.014902698408179918	0.00861492314986872	0.009413884934082987	0.005559850275429395
0.015080248526865136	0.008498586342650405	0.009503121264571025	0.00548675963053359
0.015343839179200259	0.008373026246904912	0.009688697431790055	0.005437581798941406
0.015500967106526903	0.008241765599146453	0.009811411903552924	0.00539421577807577
0.015561384039071818	0.00812376349431797	0.009870638383990006	0.005324829382856545
0.01569106861707675	0.008003466343342012	0.010002559847514502	0.005273521629600392
0.015795921423629775	0.007883710396621819	0.010118559655247947	0.005232802583448342
0.01584047382181016	0.00776538118322209	0.010192732882692693	0.005196308654362094
0.01588114399371678	0.007660302707675852	0.010257934752609704	0.005139839106301975
0.01586724955160465	0.007564248594133485	0.010282156909182416	0.005072872076858856
0.01582087517803893	0.007465885372165563	0.01028394801537074	0.005010482156066085
0.015779680123535006	0.0073816113485763385	0.010285194461122743	0.004944122701429733
0.015753385013058292	0.0073071040075025915	0.010275119669722456	0.004882919414020933
0.015729218400821608	0.007248568663436974	0.010265275145481501	0.004820352343252242
0.015673369521304388	0.007196825540201792	0.0102351277484729	0.004760192167670185
0.015621871301355356	0.007160709711517501	0.010206871770879937	0.004705089805107859
0.015603568802878841	0.007152772424792855	0.010172672416274908	0.004649790090486832
0.015585471784762907	0.007159038379869176	0.01014043003599673	0.004599618376378146
0.015563281246257311	0.007149220351456287	0.010109906525935203	0.004548783123948396
0.015515899686208033	0.007142196542543101	0.010066706606852157	0.004503495728124408
0.015494462877761423	0.0071214535640962695	0.010048394723844958	0.004455857775115997
0.015449900242345393	0.007103848657166167	0.010016760027993685	0.00441317364615708
0.015433343459557257	0.007097885083180156	0.009989321616594904	0.004368409139654502
0.015399786420917617	0.0070795788985416564	0.009954851444721044	0.004324382686675185
0.015358198471893009	0.007058229971702683	0.009915306131326048	0.004281485611973827
0.01530386534836783	0.007027775650108565	0.009870678579502464	0.0042395115383244775
0.015257005707639788	0.007001945531445605	0.00982404383475719	0.004198558593055486
0.01520934465487203	0.006969346199948342	0.009779621470046566	0.004159119503113517
0.015163296372606619	0.0069450781300521465	0.00973717969532325	0.004120487559220141
0.015111954723292069	0.006918948892067492	0.009691634044895963	0.004082877056987488
0.015062408383235732	0.0069006348879999515	0.009648077561259625	0.004047095251455769
0.015008368057943058	0.006880162693842258	0.009601891057909784	0.004012078108299264
0.014969870364894822	0.006852887301979153	0.009570112007350416	0.003977341626697749
0.014926387346466395	0.006824366049517	0.009534947015760714	0.003943494676325592
0.014876298228511014	0.006790286811216492	0.009497402564712027	0.003910664928584349
0.014818766793942069	0.006752180795873271	0.009456740019636038	0.003878858599817814
0.014754923181696553	0.006710927956623389	0.009413425010727167	0.0038481084681532174
0.014683551585782011	0.006672088136323115	0.009366052417302175	0.003817447133704265
0.014624298369752611	0.006630847911945056	0.009329917537616975	0.003787989538029924
0.014577343480284563	0.00659787868550001	0.0092924973388537	0.0037599054202775116
0.014521801457526603	0.0065669946404554695	0.009250946515826823	0.0037314324795388897
0.01446117843121981	0.006532877589886067	0.009207551453324938	0.0037037605810056767
0.014396235862269288	0.006496196330376358	0.009162601277831873	0.003676920245944028
0.014352852722739147	0.006465632285115756	0.009127007869491627	0.0036518058145266277
0.014303844961876344	0.006432302236718849	0.009089369569472355	0.0036276500688591346
0.014256198390631908	0.006403232089527634	0.009052973878917939	0.0036026167698731235
0.014204985093017573	0.006371255820230426	0.009015527240862834	0.0035785861884398995
0.0141506839752169	0.006336998556720956	0.008977185353601265	0.0035556396715351324
0.014115494737000115	0.006307835997672117	0.008947087935296135	0.0035347091955026805
0.01407495038729769	0.006276453518843286	0.008914984969782354	0.003514677094289298
0.01403426405404852	0.00624359400996532	0.008883878603638765	0.0034961675612617473
0.013986211585915568	0.006211496129810323	0.008848965918841887	0.003476102324736029
0.013947682752065847	0.0061828301784523955	0.0088159647870021	0.0034581482311080622
0.013918648285259506	0.00615772526956641	0.008784775132977277	0.003442553135425409
0.013889837144103521	0.006136047262475775	0.00875442891516199	0.0034247042832675116
0.01386358062537839	0.0061161863806575055	0.008723389743220004	0.0034082420107619505
0.01383236188898945	0.006093693076669358	0.008690999731391542	0.003392546407967222
0.013796736959336873	0.006068986639064898	0.008657429831472153	0.003377603275679143
0.013768304129088785	0.00604972607497803	0.008623509315166306	0.0033640869928890835
0.01373548393761899	0.0060280297651646485	0.008588656422599409	0.0033512889966063387
0.013698762185590551	0.00600427869544188	0.008553002645202154	0.0033391917219091093
0.013656360340749128	0.005980958934933391	0.008515413662190144	0.0033250883515618572
0.013614819981502189	0.005960403898681418	0.00847884542299028	0.0033091824313084355
0.01357046155290547	0.005937898164695689	0.008441784620026756	0.003293904462522255
0.013527040441308345	0.005918029332594647	0.008405707159118037	0.0032773450857253583
0.013485989943020379	0.00589958821558587	0.008369684507372223	0.003261729851687961
0.01344292743566636	0.005879810109872062	0.00833342493343398	0.0032464822148373165
0.013400741660062481	0.005862570734673975	0.0082980961035386	0.0032302342483870607
0.013363760902277495	0.005843361458801893	0.00826696796246232	0.0032151939194326124
0.013324821040091122	0.005822319807933317	0.00823555851011824	0.003200904613490466
0.013286582035965904	0.005803536686047664	0.008204921750350822	0.003185595836296545
0.01324740443488985	0.0057845254365163565	0.008173882847342207	0.0031705944504237015
0.013205111904241352	0.005766369938490597	0.0081417492164988	0.003154946827833016
0.013160129788789927	0.005749042998177911	0.008108703945490129	0.0031390734283077357
0.013113623764169025	0.005730122704030708	0.00807539495854236	0.0031235167975499877
0.013067615945462316	0.005711657329528543	0.008041975213213502	0.0031082891312179967
0.013020309072931627	0.005691827187419081	0.008008394912394103	0.0030934010699668855
0.012971879896419094	0.0056708416687611726	0.0079747033332508	0.003078861796551896
0.01292147241510841	0.005650199649750451	0.00794034914465705	0.003064170357723946
0.012875144514935764	0.005631440653051479	0.00790700899176993	0.0030500579416971596
0.012828648567317448	0.0056125817057780065	0.007873722332941147	0.0030361914274170897
0.012785711983092085	0.005592662182838554	0.007843075670143673	0.0030230984163297395
0.012740997380750747	0.005573456682624811	0.007811878830881175	0.0030095026358060387
0.012697166598336636	0.005555914002660755	0.007781358633329611	0.0029957501461220634
0.01265316450814837	0.0055382628908604336	0.007750808908808496	0.0029822064202526385
0.01260828138118938	0.0055195744612964205	0.007720179730749385	0.002968915046364843
0.012562148350686413	0.00550154642097358	0.007689205207589421	0.0029556328805589744
0.012516586256194551	0.005483908281902849	0.007658304372864138	0.002942544153119728
0.012470441577607957	0.005465349390962149	0.007627443584329166	0.0029296618625328738
0.012423819268488375	0.005446015778628559	0.007596650050482598	0.002916997756415969
0.012376816733349807	0.005426042575100258	0.0075659488902607265	0.002904562417885311
0.012329524378055743	0.005405554915457767	0.007535363279538909	0.002892365344641181
0.01228310374506975	0.005386222573425234	0.0075053454108967525	0.0028801081659353958
0.012241231043523699	0.005368585042032187	0.007477105585454193	0.002868183765499331
0.012198971207472063	0.005350518509167186	0.007448914161995318	0.0028564420334163897
0.012159663127440287	0.005333772811259988	0.007421455403337727	0.0028451969615706884
0.012120264541946094	0.0053169994851929485	0.007394034122664189	0.002834130306952115
0.01207980581878348	0.005300767323897635	0.007366391212620342	0.0028227809172155184
0.012042183253419882	0.00528588114389633	0.007339427434029441	0.0028118850382260023
0.012003870060438198	0.005270151829576156	0.00731248023008505	0.0028012346058697724
0.011964958836766286	0.0052536981925786095	0.00728557153694534	0.002790834272629878
0.011924921496000208	0.005237471300241478	0.007258425328992107	0.00278017505780154
0.011889199530266062	0.005222858292808476	0.007232754445409592	0.0027700169436010265
0.011852124657240374	0.005208430947479579	0.00720675806267429	0.0027596060941542525
0.011817684116027021	0.00519527122850069	0.007181364395643379	0.00274968078021125
0.011782142198373143	0.005182578213053407	0.007155815400020804	0.0027394390900984293
0.011746527321178458	0.005169761331696033	0.007130361948442315	0.0027293408670383194
0.01171129378643323	0.005156198792152826	0.007105336026040001	0.002719543360685177
0.011675525678232813	0.005141894765217291	0.007080369546496481	0.0027099578332258254
0.011638973675330466	0.005128032785332613	0.007055337765084317	0.0027001087053609043
0.011603017291609478	0.005115242207829371	0.0070307075663149496	0.002690193436051131
0.011566685966807384	0.00510170588070119	0.007006167372657326	0.002680417722945435
0.011530218793331217	0.005087452575907616	0.006981798408161428	0.0026708210973687245
0.011494167449249379	0.005072720499544451	0.006957804466345232	0.0026614542098117124
0.011458195003747049	0.005057994340804101	0.006933931017121915	0.0026522121600022004
0.01142174049038065	0.0050436640218059214	0.006910059393540578	0.002642848354996738
0.011385414223395741	0.005029333833980155	0.0068863345661082246	0.002633596376076798
0.011349641467363518	0.0050158867066380135	0.006862952232150012	0.0026243718475957144
0.01131335369489959	0.005002600398066286	0.006839552099208723	0.002615290309058525
0.011278680278329355	0.004990274317992109	0.006816539524839323	0.0026062568963606107
0.011243814561182161	0.004977343249697792	0.00679365772080775	0.0025973242157277085
0.011208890983291442	0.004964079480922333	0.006770929480753313	0.002588489265168013
0.011173547420855653	0.004950972494967322	0.006748248467665303	0.0025797382155780015
0.011138599964865048	0.004937454947696487	0.006725852480579752	0.002571069006008335
0.011104372973901289	0.004924398212538046	0.006703658273677472	0.002562519717297816
0.011070065503373342	0.0049109004828830965	0.0066816216168536086	0.0025540844208421236
0.011035570016061166	0.004897737040474312	0.006659712794442582	0.0025456690234537064
0.01100108466602927	0.004884180084712681	0.006637981856884201	0.0025373396689085076
0.010967803249132498	0.0048713711060695206	0.006616523690118088	0.0025291638808577696
0.010936746380950296	0.004859608076764082	0.00659561262399992	0.002521227623611032
0.010905479033175298	0.004847360547781058	0.006574818497141643	0.0025134295044467346
0.010875538528745685	0.0048364340317077195	0.0065541974129175945	0.002505859652888429
0.0108483025299378	0.004826657112321031	0.0065342418354454425	0.0024986682260837046
0.010821292378539588	0.00481704488319174	0.006514378937884396	0.0024916424636059996
0.010793988481523466	0.0048070220161552536	0.006494613248531269	0.002484721947821761
0.010769614641475947	0.004798155850256566	0.006475603986433405	0.0024782606368426627
0.010747083239134635	0.004790171592455966	0.006456950703929583	0.002472313123614403
0.010724686225761877	0.004781545405175721	0.006438565876888231	0.0024667117505381957
0.010702086284906204	0.00477280655469248	0.006420219241240149	0.0024611967531933806
0.010680186362352887	0.00476448401111499	0.006401979376692746	0.002456049224783485
0.010657814862111335	0.004755727809579448	0.006383786810588445	0.0024509948184004487
0.01063500710320685	0.004746571336972588	0.006365647603543622	0.0024460321860463605
0.010611382754628505	0.004737689731671137	0.00634746267121166	0.0024404203428680586
0.010587030072511484	0.004729078549952882	0.006329259597048896	0.002434296684575665
0.010562269932005245	0.004719890774364855	0.006311127927685792	0.0024283311290934414
0.010537711589099101	0.004710239469020066	0.006293219200313589	0.0024226554491817657
0.010512791514553943	0.004700120850739696	0.006275381265837324	0.0024171421426710587
0.010487548702059344	0.004689586978850923	0.006257620882861256	0.002411791632235104
0.010462509654795466	0.004679207836070277	0.006239955711062378	0.0024066041748805277
0.010436867046342994	0.004668931096468614	0.006222304401603317	0.0024010076097821177
0.010410997922099784	0.004658286421375226	0.006204757163566458	0.0023955642840173684
0.010387224853860256	0.0046484470650321	0.006187653820109039	0.0023905865563345692
0.010363132885118968	0.0046382228700928676	0.006170622734628498	0.0023857675278866237
0.0103388451727435	0.004627786463631007	0.006153679541872946	0.002381029558933745
0.010314003867383334	0.004617452800063655	0.006136749241837328	0.0023758645237818067
0.010291210211680933	0.004607888378230429	0.006120265678320661	0.002371158019234313
0.01027074091322869	0.004599147136992536	0.006104357887234634	0.002366945388508864
0.0102528464766271	0.004591277194650079	0.0060891443828576045	0.0023632581771753773
0.010235022153887047	0.004582970335559167	0.006074138928290354	0.002359898338037778
0.010218541405385183	0.004575773176436338	0.0060591928879742	0.002356882026657908
0.010201439766685144	0.00456805897393495	0.006044230110657622	0.0023540201698160467
0.010183489750490219	0.0045605626293668145	0.006029167999721021	0.0023504166017422725
0.010168160610258173	0.004553948969371894	0.006014810038679639	0.0023473407084783553
0.010152341635210626	0.004546750207530667	0.006000475806974312	0.0023445204241146276
0.010135640723722743	0.004539759899359766	0.005986017308254134	0.0023409848537118624
0.010117984375705946	0.004532815710588301	0.0059714008490334355	0.002336963462232741
0.010099837981633428	0.004525388208978051	0.005956789598093013	0.002333081673626464
0.01008123762294382	0.004517520311171832	0.005942190357196331	0.002329339015658087
0.010062339824215736	0.00450921147679938	0.005927648081686879	0.002325824382481592
0.010043148694704	0.004500671830183735	0.005913141734501333	0.0023223714622266226
0.01002339226612864	0.004492329249837031	0.00589860158893188	0.002318342911056869
0.010003311530162127	0.0044836479879701695	0.005884098932317931	0.0023144459528039282
0.009982652763244008	0.004475041429377588	0.005869558398332503	0.0023101560034780246
0.009961483255647186	0.004466508520919681	0.005855008206533416	0.0023055320944574504
0.00994120852891024	0.0044588198784324025	0.005840552539488359	0.0023011374524392523
0.009920681235028104	0.00445077052232715	0.005826164798648388	0.002296863464329083
0.009900294165646311	0.004442827869758058	0.005811854707420312	0.002292710328956354
0.009879534395345065	0.004435069033716747	0.005797597763046687	0.002288149546643667
0.009860420744312353	0.004427994185909779	0.0057836284694191805	0.002283929109612823
0.00984086560100945	0.004421099041668706	0.005769683981045408	0.0022793309903216324
0.009822198173237179	0.004415123918325399	0.005755828480404812	0.002274937944213154
0.009803247008911133	0.004408707839461274	0.005742038689377872	0.002270655149882425
0.009785302584696653	0.004402820534598769	0.0057283994777288655	0.0022667146111531467
0.009767551218539465	0.004397436819554899	0.005714890726992109	0.0022624002496841786
0.009750688171785257	0.004391578583536218	0.005701731152261257	0.002258410812622787
0.009733583897897824	0.0043852567196426915	0.005688630368665852	0.002254594551238008
0.00971588505404055	0.004378974230141709	0.0056754959074427425	0.0022504697637159878
0.00969774676405883	0.004372855008383733	0.005662373771116139	0.0022460170835853547
0.00967935982986795	0.004366350513409422	0.00564930496387477	0.0022416613458550515
0.009661782998952206	0.004360685614812479	0.005636315450316113	0.0022374906695938005
0.009643701610405876	0.004355050184562767	0.0056233444890621586	0.0022330842543532717
0.009625734146862004	0.0043490497976796175	0.005610485383979689	0.0022288472405704034
0.009609326621394826	0.004343707841381858	0.0055979024922038064	0.0022248954039627566
0.009592460259291011	0.004338516437639761	0.0055853278456353146	0.002220630617838791
0.009577230987132816	0.004334005917963609	0.005573077375629188	0.0022166354675091766
0.0095620665932243	0.004329085141447424	0.005560952199995056	0.002212820334528385
0.009546966385014241	0.0043242276784190015	0.005548859305188633	0.0022091021310908015
0.009531758437206304	0.004319282862897432	0.0055368010266986034	0.0022054283695364463
0.009516064364772562	0.004314480004953673	0.005524734336502512	0.002201428780863787
0.009500079850158674	0.004309268567745394	0.005512703734618024	0.0021975193635668288
0.00948402311217012	0.004303982696072384	0.005500718787729327	0.0021936542433189698
0.009469519505411186	0.004299323893540194	0.005489043577136166	0.002190066135455564
0.00945468810360246	0.0042942622775657205	0.00547739046775492	0.002186571284207991
0.00944020355450905	0.004289412708720841	0.005465794589030822	0.002183264700763008
0.009425777939640024	0.004284213215423893	0.005454311397753692	0.002180145743870226
0.00941141098118437	0.004278689086125513	0.005442940919883045	0.002177218808046706
0.009397102486669414	0.00427323176406592	0.005431599295274721	0.002174387361309474
0.009382489442781862	0.004267444411245703	0.005420280879326103	0.0021716511765347292
0.00936861208730564	0.004261342823305938	0.00540929871327213	0.0021692487313811955
0.009354498429339955	0.0042550583936553955	0.005398333875908813	0.002166885805772194
0.009340289772710115	0.0042487389124278765	0.005387388886097839	0.002164554735494406
0.00932564834809169	0.004242549443099013	0.005376416802803251	0.0021617834384160006
0.009311826253651491	0.004236729167312895	0.005365582333341145	0.002159329462251552
0.009297565621744006	0.004231036304083464	0.005354724079786359	0.002156461343415456
0.009283040504384308	0.0042250596935696424	0.005343887056759692	0.0021536818327319417
0.00926826900394703	0.004218821908313239	0.005333074459196203	0.002150990772903559
0.009253568567169707	0.004212653690603778	0.0053222957940756216	0.0021483879621217853
0.009238938658634958	0.004206554204145097	0.0053115529972109716	0.002145873170494001
0.00922408385532593	0.004200213697095424	0.0053008423739224425	0.0021434461416778845
0.009209087325906438	0.004193628773087782	0.005290180115147428	0.0021411666647342883
0.009194801549690683	0.004187359724488736	0.005279627771938976	0.00213920554963034
0.009180168780247258	0.004181208880863236	0.005269083163414881	0.002136809225023358
0.009166141518790078	0.0041748317199586105	0.005258776448738137	0.002134717595770708
0.00915340870823541	0.004168875567065443	0.005248766418933278	0.0021329425614951994
0.009141364965046393	0.004163484128434379	0.005238794209996665	0.002131363483192639
0.009129018081410728	0.004157835093932579	0.005228827719863772	0.0021298684526933577
0.009117358428463463	0.004152762474288398	0.00521890071638884	0.002128571256983053
0.009107144683642923	0.004148166343126768	0.005209295973847165	0.002127611421104634
0.009096567256731183	0.004143276190603478	0.005199685093993926	0.002126732568077394
0.009086676076061373	0.004138102301574141	0.005190433582494334	0.002126199240412982
0.009076418164699274	0.004132676078538187	0.0051811629404301274	0.002125744057592107
0.009066020149385954	0.004127215362318768	0.0051718881288286694	0.0021252983030460486
0.009055283639518269	0.004121526345921343	0.005162600695943811	0.0021249293727626487
0.009043998099049518	0.004115871417837577	0.005153228957781245	0.0021241250008276
0.00903248717146553	0.004110080756409027	0.005143864537375713	0.002123341168022752
0.009021714407963635	0.004104581659607469	0.005134622449687893	0.0021228906872207487
0.009010635569118705	0.0040988699911467105	0.005125377224561767	0.002122514744074768
0.008999267219560774	0.004092962833688349	0.0051161319378288505	0.0021222125049601514
0.008987420544049472	0.004087092454474704	0.00510682958611294	0.0021214850048399203
0.00897566840011092	0.004081479800255956	0.005097611473414631	0.0021202852810594413
0.008963475414450386	0.0040759006220227375	0.005088346808566675	0.002118734013119722
0.008951943278858357	0.00407060096511139	0.005079187343326022	0.002117473152788315
0.008940986582707472	0.004065089093507642	0.005070303572771543	0.0021165104663502876
0.008930724315672907	0.004059851859392428	0.005061536882971831	0.0021158529738257823
0.008921059774643981	0.0040544055638016266	0.005053100723901636	0.0021155068247863925
0.008912000915127923	0.004048767949618068	0.005045036834407691	0.0021154774390575405
0.008902805764855892	0.004043113200984424	0.005036949952715596	0.0021154514558574837
0.008893851426633117	0.004037590712687487	0.005028872108878464	0.002115607577342527
0.008885534090434117	0.004032511904948033	0.005020804093181586	0.0021159455756754536
0.0088767204918794	0.004027526595542246	0.00501265296048706	0.0021157462562974632
0.008867655002640973	0.004022410781378275	0.005004488644888443	0.002115558830252162
0.00885917612920506	0.004017099732261328	0.00499668146978811	0.002115677756056928
0.008850691393800918	0.004011840218314322	0.004988850248447744	0.002115858851087018
0.008842435785963809	0.004006709969598947	0.004981027082336623	0.002116215015084324
0.008833851065867196	0.004001400353230146	0.004973172762598105	0.0021166309632508398
0.008825135394160067	0.003996072382705437	0.004965302112805405	0.002117044561961208
0.008816113581886284	0.003990582612247654	0.004957406072538115	0.0021175168559862383
0.008806800197214365	0.003984944419305844	0.004949487698720595	0.0021180470533395356
0.008797209354769115	0.0039791707501809215	0.004941549954313634	0.0021186343625328977
0.008787354732088588	0.003973274136690442	0.004933595711177517	0.00211927799292063
0.008777518427240167	0.003967429020478121	0.004925636321392558	0.0021199771465057003
0.008768226919338486	0.003961923002911091	0.0049176960330467616	0.0021208449333720396
0.008758670115766195	0.003956283184992564	0.004909745415461111	0.0021217657248557916
0.00874874240999166	0.0039507241485293955	0.004901751378979921	0.002122148428508779
0.008738580085511346	0.003945040481360555	0.004893754083817257	0.00212258647423464
0.008728931714918061	0.003939692134103799	0.0048857809064068855	0.0021231870018987987
0.008719101860966689	0.003934194556081941	0.0048778244494329034	0.0021239035487819395
0.008709043220597075	0.003928576004259326	0.004869869287108794	0.002124671907585404
0.008699189066469395	0.003923062095184058	0.004861939955142486	0.0021256005659676786
0.008689838445465453	0.003917880885750034	0.0048540366624141166	0.002126688721120987
0.008680138036564235	0.0039127781532802925	0.004846112725548661	0.002127249227493871
0.008670216520592442	0.003907537781508601	0.0048381976155192	0.0021278607265931893
0.008660781618491046	0.003902643512418132	0.004830311212794384	0.0021286270133422003
0.00865136080040012	0.0038976175663196617	0.004822485466018289	0.0021295410803140315
0.008641610761117075	0.003892668112068029	0.004814647915291163	0.002129952262575179
0.008631653619787728	0.0038875807197320394	0.004806823614509429	0.002130413621690932
0.008621500073860398	0.0038823665887285207	0.004799014330173558	0.0021309245072092765
0.008611861012835256	0.003877343541095481	0.0047912759314754656	0.0021317028788301676
0.008602241298420037	0.003872207506466449	0.004783594339720862	0.0021326235150799103
0.0085924212132455	0.0038669552200662483	0.004775925207469931	0.002133589239828363
0.0085824110370664	0.0038615970451353356	0.004768270249127074	0.0021345993882256925
0.008572341251045609	0.003856237311067632	0.004760634531512192	0.002135599267280938
0.008562454079389421	0.003850970221780013	0.0047530286522338245	0.0021367443772591214
0.008552594166025376	0.00384574637834543	0.004745443532082385	0.0021379315427007156
0.008542556175720188	0.0038404236848673208	0.004737877247992324	0.0021391601181116916
0.008532216007769997	0.003835131164218567	0.004730311827795204	0.0021399903118369877
0.008522267191132107	0.0038297475731772002	0.004722866943275376	0.0021410774307591474
0.00851249430328486	0.0038244498596367122	0.00471545033496274	0.002142304738759694
0.008502550892247948	0.0038190683540960174	0.00470804974732663	0.0021435715758625984
0.008492635407296941	0.0038136216069612756	0.004700698806531119	0.0021449708647921406
0.008483178774461846	0.003808317077994425	0.004693410754110889	0.0021466268070420933
0.008473413588207353	0.0038030422347371654	0.004686110892860387	0.002147875575062354
0.008463530765143147	0.003797681983489056	0.004678835818393226	0.0021492183861748313
0.008453414684998009	0.003792381582532595	0.004671567061288761	0.002150080795249705
0.008443157252527271	0.0037870120110748643	0.004664319028297918	0.002150983185392811
0.008432967879876593	0.0037817693330788283	0.004657115530489094	0.0021514483840414816
0.008423195297389621	0.0037766673339125283	0.004649966124726888	0.0021521470064982937
0.008413275792595334	0.0037714873822826274	0.004642835070803686	0.002152885562208544
0.008403217440956972	0.003766237802681806	0.004635723684700665	0.0021536635099677352
0.008392956642309091	0.0037610450761985485	0.004628624700022386	0.002154013119090737
0.008382575623170947	0.00375578833014219	0.004621549043084571	0.0021544039674107774
0.008372016868562695	0.0037505867167341336	0.004614492394874985	0.0021543966368529257
0.008361498311489603	0.0037454225766864247	0.004607463354989987	0.0021544318787012147
0.008350816902062127	0.0037403136737903515	0.004600459132627351	0.0021540974213379045
0.008340280148450676	0.00373527782112997	0.004593485953607198	0.0021538813641654333
0.008329888249130422	0.0037303160191325298	0.004586543703893146	0.002153783666198447
0.008319336913050718	0.0037254103820219863	0.004579631052959125	0.0021533322266412036
0.008308826609106982	0.0037204416340535216	0.004572749927824466	0.002152991497353033
0.008298914469348108	0.0037156455702872437	0.004565920460978938	0.002152852294144104
0.008288826459795229	0.0037109057631895623	0.004559110719468897	0.0021523690627388028
0.008278664661846565	0.0037061185354182583	0.004552327730147571	0.002151894816122662
0.008268482333703054	0.003701331527435584	0.004545572118544102	0.0021514252993806433
0.008258116332625649	0.003696569707128249	0.004538842923591134	0.0021507033033843818
0.008247665834737423	0.003691736675218884	0.00453214397649166	0.0021500235677088457
0.008237086200719964	0.003686956481397269	0.0045254782532155495	0.002149046336621155
0.008226635986939915	0.0036822470260404676	0.00451884276545182	0.0021481738032677134
0.008216112219932962	0.003677468099638373	0.0045122401771836825	0.0021473430926441813
0.008205715736072856	0.003672757972971847	0.004505667725026747	0.002146617288572817
0.00819527420077459	0.0036679740928215873	0.004499126379140435	0.0021459696035998834
0.008184897801190612	0.0036633028098564525	0.004492609136267917	0.002145038750969036
0.008174515442496748	0.003658632886393477	0.004486123925715056	0.0021441163318874387
0.00816406813419645	0.0036538996964093767	0.004479672124963648	0.0021432345890155776
0.008153561266598592	0.00364911008580107	0.004473254461278798	0.002142393238501044
0.008143022969093128	0.0036442642468812966	0.004466867891757019	0.002141627222362925
0.008132395320782321	0.0036394642468833426	0.004460523570509818	0.0021405873337646828
0.008121880267039108	0.003634724058720059	0.004454208706298796	0.002139645015456738
0.00811136910429016	0.003629989267457986	0.0044479287504692894	0.0021387110734611857
0.008100969868257488	0.0036253145206801597	0.004441678011265358	0.0021378747722248415
0.008090485346106869	0.0036206862888409005	0.004435473694858902	0.0021367762379196228
0.00807992517401355	0.003616104750470057	0.0044293184047092165	0.002135436727115837
0.008069470556344941	0.0036115851895382107	0.004423192162056932	0.002134187907629354
0.008059059952974172	0.003607015712633402	0.004417078871720364	0.002133027228606779
0.008048612097229142	0.003602394939212423	0.0044110038470119226	0.0021319049151351005
0.008038208387925508	0.0035977352438080422	0.00440494154310609	0.0021308711552489278
0.00802774079245966	0.003593118375301548	0.004398928388093475	0.0021295995496406904
0.008017246756126752	0.003588459841221257	0.004392954144943733	0.0021283656608047517
0.008006956179267109	0.0035838927388287057	0.004386980907697487	0.0021272810407157775
0.00799663409037155	0.0035792832948312423	0.004381045550991621	0.002126233601133112
0.007986298431287456	0.003574654493343506	0.004375146330874283	0.002125198149074213
0.007975951795546386	0.003570008967884914	0.004369283533700092	0.0021241745821975327
0.00796564891689376	0.003565339228286232	0.004363429972704478	0.0021232370737648784
0.007955360338143265	0.003560679509676462	0.004357612369994927	0.0021223075357644523
0.007945239314090009	0.0035559966432941897	0.0043517484862317605	0.002121530332320846
0.00793509155227241	0.0035512961293679398	0.004345918855504926	0.0021207887918324305
0.007924921062053975	0.0035465830779749176	0.00434012400461896	0.002120082670404759
0.007914938794126122	0.003541928810180048	0.004334334053841831	0.0021195314211327333
0.007905137582812768	0.003537377097034731	0.004328569972439842	0.002119070688202351
0.0078953011583309	0.0035328011777771328	0.0043228396895021405	0.0021186440107381177
0.00788543358582746	0.0035282061546837357	0.0043171437110479365	0.0021182511185907755
0.007875538833230245	0.0035235970053400924	0.004311482526287747	0.0021178917404039146
0.007865966716319527	0.0035190631375495037	0.004305786221811738	0.0021176898638076824
0.007856355897941654	0.0035145119313166984	0.00430012103212182	0.0021175204160130234
0.007846710413684376	0.00350994823577691	0.004294487491922302	0.002117383112154102
0.007837244728746742	0.0035054722547409553	0.004288878633373989	0.0021173356215485697
0.007827873647487766	0.003501037219443662	0.00428329432249554	0.002117377861780718
0.007818689150520365	0.003496581501555561	0.004277689236953089	0.002117579887919349
0.007809503054722375	0.0034921363799004373	0.004272111151597048	0.0021177801148908196
0.007800270899108713	0.003487676479014442	0.004266561494257981	0.0021180099327651426
0.007791224509861578	0.0034832064498278186	0.004261007094844883	0.0021183998192923514
0.007782402984243409	0.0034787885884157085	0.004255471042658553	0.002118950850485552
0.007773542428745397	0.0034743682322011626	0.004249958014769569	0.0021195003428556573
0.00776473186974731	0.0034699999043122627	0.004244464734642015	0.002119753520526984
0.007756018535695474	0.0034656687077702386	0.004238993129018893	0.0021200934238899427
0.007747189904004822	0.0034613569068075462	0.004233548796540564	0.0021202039903004282
0.007738583465997289	0.0034571076070745183	0.004228120896078495	0.0021204672664081447
0.0077299393987573795	0.0034528332163665056	0.004222715055755378	0.0021207914215345854
0.007721240476116002	0.003448542094153765	0.004217332871566432	0.002121142769734601
0.00771273141890229	0.003444238613447032	0.004211964233484551	0.0021216474963101205
0.007704426408385801	0.003440016601996817	0.004206615865172693	0.002122236585667125
0.007696057151879667	0.0034357775777892744	0.004201287707906199	0.0021228508664419376
0.007687734361926421	0.0034315928616236798	0.004195979820094255	0.0021231778217876826
0.0076793133703935024	0.003427438310037887	0.00419069246828029	0.002123229883637398
0.007670885025237075	0.0034232921442124576	0.004185426101893917	0.002123281205457423
0.007662403551969975	0.003419127638778399	0.004180181451016188	0.00212335979110336
0.007654111313792148	0.003415054027824969	0.004174957147218163	0.0021235187023656054
0.007645911149221331	0.003411019788397098	0.004169753115915689	0.0021237577675711707
0.007637670436761821	0.0034069727867175456	0.004164570974321185	0.0021239975809347394
0.007629421625447104	0.0034029330022855324	0.004159411087161432	0.0021242350192709173
0.007621136038067564	0.003398883008885912	0.004154273787809151	0.0021244732172695318
0.007612878803112186	0.0033948177195543354	0.004149151789150634	0.0021247872562050072
0.0076048311320309585	0.003390809333766619	0.004144043677686119	0.0021252443313174016
0.007596745387186977	0.003386777984840744	0.0041389557995651334	0.0021257569956578174
0.007588605116677431	0.003382731266844902	0.0041338898872590735	0.002126293336726378
0.007580672995388915	0.0033787368359219786	0.004128837695916828	0.002126972975310656
0.007572626886726611	0.0033747595006551807	0.004123812102520444	0.002127429399863004
0.007564573473499242	0.003370790244810314	0.004118808548255305	0.0021278814885364538
0.007556469674805681	0.003366805310937075	0.004113828163980994	0.0021283570243415244
0.007548450129264621	0.0033628524484741705	0.00410886729237418	0.002128908894725654
0.0075403308636792015	0.003358916266452275	0.004103939667630384	0.0021292464626232505
0.0075321682184768795	0.0033549657389162772	0.004099037051549096	0.002129607651780511
0.007523965531476158	0.003351004679727854	0.004094159880629115	0.0021299922231136637
0.007515924021721785	0.003347114289496583	0.00408930226940218	0.00213045142342105
0.007508051107708517	0.0033433094998748295	0.004084464123928071	0.0021309849865360207
0.00750026089158994	0.0033395411186207037	0.004079645350395551	0.002131592622595424
0.007492435737436492	0.003335759846039795	0.004074851024341573	0.0021321975479034684
0.007484784416268038	0.0033320771585286344	0.0040700759310037795	0.0021328759557999464
0.007477097425533603	0.0033283604838041706	0.0040653221496782955	0.0021336053621918865
0.0074694349896911195	0.0033246640760859333	0.004060592787341319	0.0021343551550231186
0.007461970224104917	0.003321032218688534	0.004055864540349303	0.0021352401488395584
0.007454589103251899	0.003317439454688104	0.004051155072609067	0.0021361972177284796
0.00744714875318373	0.0033138139403657927	0.004046471091653991	0.0021371728334678174
0.00743967071893989	0.003310155734173535	0.004041807999368186	0.002138197316426628
0.007432139546687701	0.0033064728668388116	0.004037170871423436	0.002139239661975192
0.0074246320586782745	0.0033028092466705237	0.004032558084118874	0.0021402996365886937
0.007417074934612311	0.0032991240819656804	0.004027971877280194	0.002141377016151646
0.007409441336333771	0.003295464728227798	0.004023422453674184	0.00214217809511709
0.007401832551923105	0.0032917893182378773	0.004018877010347462	0.0021430455602917406
0.007394219620544105	0.003288120669313962	0.0040143568570668925	0.002143904949113621
0.007386566272041309	0.0032844366813301155	0.004009863981502724	0.0021447825146078438
0.007378910831401596	0.0032807603205737726	0.004005396854287578	0.0021456519339257732
0.007371193389699142	0.0032771071580443103	0.00400096880264568	0.0021462599467312704
0.007363501605923748	0.003273471595942127	0.003996566580886038	0.0021468872582405896
0.007355952404217493	0.0032699126636730725	0.003992182149852184	0.002147581961453148
0.007348366141556749	0.0032663334654180827	0.003987826335784696	0.0021482952383907222
0.007340720817010484	0.0032627787679558877	0.003983512101599928	0.0021487588058878306
0.007333101063550408	0.003259209001508927	0.003979196709871577	0.0021492856618633986
0.007325506471696151	0.003255656687453036	0.003974907341734411	0.002149831639978518
0.007317881899505128	0.0032520887621427124	0.003970647042815326	0.0021503965422858145
0.007310323420692774	0.003248548971114012	0.003966403900832665	0.0021510267472807246
0.007302895719515862	0.003244994868270681	0.0039620949860046705	0.00215177806412097
0.007295434193999281	0.0032414298575826578	0.003957812857144555	0.00215254677063097
0.007287918285653873	0.003237885734848721	0.00395356923716071	0.0021530700718949583
0.007280467333782006	0.003234367573326955	0.00394934245195335	0.0021536571767692913
0.007273165489156255	0.0032308930609773663	0.003945106055106385	0.002154362491422541
0.007265840850265755	0.0032274119948589083	0.003940894414354445	0.00215506378512181
0.007258539602238335	0.0032239473393102544	0.003936707125259227	0.0021557821702822702
0.007251374667641018	0.00322055538947852	0.003932536313109292	0.002156563273731368
0.007244486851089607	0.0032172317604542305	0.00392830981925593	0.0021574619924585835
0.007237551903381749	0.0032138833140770737	0.003924107984099675	0.002158376278377952
0.007230572639464492	0.003210513310763282	0.0039199310909963855	0.0021593059438895375
0.007223735250676237	0.0032071247531464107	0.003915709927418682	0.002160352644970689
0.007216917694902608	0.0032037236635841532	0.0039114940304293645	0.002161457501795665
0.007210068015317755	0.003200317446448672	0.003907299016454609	0.0021625548210754525
0.007203366717257371	0.003196976900355663	0.00390311970473552	0.0021637125195833984
0.007196631214597829	0.003193628263049243	0.003898961450891093	0.0021648622061625354
0.0071899151255831635	0.0031902955029693624	0.003894824102654916	0.0021660251605139826
0.0071832679184025755	0.0031869902419345572	0.003890702286904764	0.0021672475953133184
0.0071766393350074925	0.003183670892442297	0.0038865844281744744	0.0021685262831134698
0.007169963524465761	0.0031803374161565416	0.003882488954668628	0.002169817057953546
0.007163306891411705	0.0031770191175630714	0.003878414293752692	0.002171119745158161
0.00715664211454692	0.0031737068828321963	0.00387436103196159	0.0021724105513631453
0.0071501217520976105	0.003170459980995051	0.0038703229590333747	0.0021737592499319397
0.007143567505634556	0.0031672044702765814	0.00386630637286489	0.002175098204310461
0.007137302431206131	0.0031640076496679283	0.0038622503117687946	0.0021765499244245632
0.007130998652948061	0.0031607881290804983	0.0038582109637740254	0.0021780386270967337
0.0071247250706635975	0.003157612681309174	0.0038541761831969146	0.002179273682174914
0.00711846750055184	0.003154420314794838	0.0038501469068407787	0.002180562326015501
0.00711235755703747	0.0031512105240795183	0.0038460977250207805	0.002181960947846139
0.0071063993758291	0.0031479862855727982	0.0038420430630151936	0.0021834693976276673
0.007100347590399104	0.0031447816185818335	0.0038380057795889787	0.0021847252770374765
0.007094207581766644	0.0031415967748090463	0.0038339873147149217	0.0021857403313863687
0.007088219966670732	0.0031384796054826215	0.0038299824847283226	0.0021868102000580395
0.007082191348815027	0.003135340474321698	0.003825992167135153	0.0021879164506506104
0.007076310613256428	0.0031321849645765307	0.003821999031901039	0.0021891281884954474
0.007070747245211835	0.0031290833925382423	0.0038180166061675103	0.002190445334690393
0.0070651156283182345	0.0031259640173686414	0.0038140459228623172	0.002191772409296865
0.007059816119634552	0.0031229006840815766	0.0038100965150965073	0.0021932043737193764
0.007054524551323769	0.0031198207793472293	0.0038061620673075685	0.0021946860038598126
0.007049405768836884	0.0031168133415149786	0.003802238802513205	0.0021962195230747533
0.00704420871583337	0.003113783452684269	0.003798324728105133	0.0021977610611048897
0.007039207524802159	0.0031108008799847642	0.0037944273642596437	0.0021994062197400106
0.007034407122745194	0.0031078685964802282	0.0037905476525142453	0.00220115471202116
0.007029612095225676	0.0031049513365256883	0.003786676647976878	0.0022029093315894498
0.0070248375498013285	0.0031020846162137794	0.0037828209407424077	0.002204416504320704
0.00701991816287478	0.0030992287829939907	0.003778968538148661	0.0022057327329043906
0.0070149382962889995	0.003096340155965192	0.003775126419875922	0.0022070815610202806
0.0070099801116662265	0.0030935015789655624	0.003771298604137537	0.0022082020935397587
0.0070050289994493895	0.003090677895551322	0.003767480045958018	0.0022093325856742735
0.007000001288485219	0.0030878248662417253	0.003763670600227094	0.002210472907199272
0.006995316147841708	0.0030850419436972707	0.003759890497304999	0.002211710589928232
0.00699099303849468	0.003082334406903346	0.003756151392917916	0.002213045503444029
0.006986599023383105	0.0030795879614338314	0.0037524198403829194	0.0022144117208698043
0.00698237652140693	0.003076809050936596	0.0037487391684259473	0.0022158746638440757
0.006978018889280003	0.0030740525560408617	0.0037450539383760686	0.002217108772123543
0.006973678422681528	0.0030713482527253036	0.0037413865245323574	0.0022181259395612335
0.0069692696788551224	0.0030686076048843346	0.0037377254553238523	0.002219174747687482
0.006965224978728062	0.003065939751300268	0.003734122008276734	0.0022203168887023465
0.006961248817698904	0.0030633033334137257	0.003730525541135821	0.002221506078744228
0.006957177417043267	0.0030606321455999537	0.003726929572685031	0.0022227037460140404
0.00695295065771813	0.0030579708532583057	0.0037233222876739756	0.002223730728804531
0.006948595251027813	0.0030553321363753472	0.0037197107397574556	0.0022245518201971163
0.006944256895238116	0.003052747393899641	0.003716116358202004	0.002225178086112067
0.006940273388699996	0.0030502421532206427	0.0037125786928709887	0.002225892703733302
0.006936289895793736	0.0030477511437365947	0.0037090428774395555	0.0022266182343423234
0.006932215055532862	0.0030452205225595277	0.0037055076074654926	0.0022273545606255377
0.006928337881632532	0.0030427501111148694	0.0037019962951820385	0.002228178780896276
0.00692432579294259	0.0030403032162967156	0.0036984777729744123	0.0022288098026126426
0.006920224895676206	0.003037815947684108	0.003694960459608898	0.002229451903659469
0.006916479717812399	0.003035410004468248	0.0036915020374671008	0.002230180113732312
0.006912935665067389	0.0030330675486318	0.0036880689662199626	0.0022309944859492184
0.006909249554388111	0.003030748986809626	0.0036846257970480764	0.0022316189571846734
0.006905575417426725	0.0030284924162783675	0.003681200902007671	0.002232063728973326
0.006901827163678624	0.0030261833983448554	0.0036777797711445887	0.0022325387558819873
0.006898442227637146	0.0030239626632237626	0.003674425668765559	0.002233096686723903
0.006894893014095431	0.003021749656495527	0.0036710523248604096	0.0022335138131151905
0.006891509649433825	0.003019487227808163	0.003667750437337614	0.00223401270674927
0.006888293891932498	0.0030171783111585244	0.003664529108780166	0.002234593484650799
0.006885458422694521	0.003014954703682807	0.0036613971787890025	0.002235256227834665
0.006882796770227564	0.0030126837274417006	0.0036583632280389002	0.002236000982167594
0.006880022479810769	0.0030103695890567814	0.0036553172937290844	0.0022367552240753433
0.0068771621443637024	0.003008029592552221	0.003652263259100548	0.00223750404482283
0.006874215357656974	0.0030056462120061785	0.00364920621474674	0.002238281007017844
0.006871472711186032	0.0030033202639961876	0.003646181358712755	0.0022391392929863724
0.006868574623683608	0.0030010163999705623	0.0036431307193672334	0.002239814833916167
0.006865594489699368	0.0029986875481760864	0.0036400730088331354	0.0022404855272982332
0.006862815064258871	0.002996416996971458	0.0036370465489515987	0.002241235951265256
0.006859862625872532	0.002994154332716736	0.003633986642193909	0.002241845361543604
0.006856763737206435	0.0029919137015177086	0.003630904565026454	0.002242284032437403
0.0068535665690060464	0.0029896323642139206	0.0036278144277543584	0.0022427332529427017
0.006850231597475184	0.002987372655652151	0.003624704663587791	0.0022430191770637874
0.006846890248849362	0.002985078003044453	0.0036216140596571967	0.0022433437170604922
0.006843477948056271	0.0029827601193869522	0.003618519062349461	0.0022436658923090554
0.006840229655912466	0.002980536530477225	0.003615426694660242	0.0022440281763423343
0.006837137961736111	0.00297827227723869	0.0036124172184412275	0.002244465766646955
0.006833908967323807	0.002976029113067138	0.0036093864557932977	0.002244743327351744
0.006830588185061329	0.002973748348592731	0.0036063480023635804	0.002245031796043044
0.006827198047872606	0.0029714453188254006	0.003603304909064979	0.002245318126637587
0.006823720609303627	0.002969108498772477	0.0036002550547718447	0.0022456152462087763
0.00682011997172455	0.0029667915921553698	0.0035971879350044584	0.0022457597737285053
0.006816518488085498	0.002964486825884035	0.0035941176644521265	0.002245915613527781
0.006812835952846923	0.002962149628891432	0.003591042406728431	0.0022460826750806662
0.0068090916091418045	0.0029597786364303352	0.0035879680750875494	0.0022462766528499396
0.006805347744368497	0.002957419515526149	0.00358489155753817	0.0022464815878258993
0.0068015450952760275	0.0029550431069862563	0.0035818131627546263	0.002246684938390736
0.006797712844132639	0.0029526660037331484	0.003578733203229772	0.002246885219259943
0.006793823263921222	0.0029502594989426097	0.0035756550077507216	0.0022471120132808815
0.006789946889713045	0.002947894614004172	0.0035725935458605497	0.002247194061023069
0.006786206725537937	0.0029455030451356313	0.0035695999525787604	0.002247345601596376
0.006782392439913386	0.0029430875414698395	0.0035666010439088765	0.002247507986524524
0.0067788762304086935	0.0029407275372107557	0.0035636758388281837	0.002247739907645505
0.006775281662497033	0.0029383426034747134	0.003560743632103846	0.002247982213840921
0.006771698251349867	0.0029359979106097943	0.0035578292501453014	0.002248081758062827
0.00676805634818557	0.0029336381008508365	0.0035549104389848924	0.002248180358757904
0.0067644126224848476	0.00293125749611358	0.003552009175721399	0.002248314094783747
0.006760780393778709	0.002928915876258309	0.003549125610688197	0.002248310814691057
0.006757040847942915	0.0029265916499299186	0.0035462240000012813	0.002248175186437033
0.0067531979880032025	0.002924284899415116	0.003543305744287184	0.0022479131251813378
0.006749638784289102	0.0029220367740821753	0.0035404612253498538	0.0022477146930760185
0.006746005952641446	0.0029197608003369646	0.003537609251674479	0.0022475279066647906
0.006742373692351614	0.0029174958870701985	0.003534752620104689	0.002247352685964854
0.00673874205168557	0.0029152420060642435	0.003531891658677317	0.002247188952932327
0.006734991058646087	0.002912995600133174	0.003529007257231695	0.002246927654892887
0.006731375785790221	0.0029108246927763296	0.003526125434109695	0.0022467010976813108
0.006727761161012412	0.0029086648303165968	0.0035232406202815336	0.002246486073940961
0.006724028589974023	0.002906512093331288	0.0035203357195249694	0.0022461761701344763
0.006720269933977492	0.0029043571246811523	0.003517428957961558	0.0022458664684963017
0.006716661701560237	0.0029022496918206333	0.003514544557300604	0.0022456179502219177
0.006712984634600258	0.0029001104684444634	0.0035116562601079904	0.0022453808772850024
0.006709584514823867	0.002898034990655269	0.0035088322320484654	0.0022452052072402594
0.00670612831892525	0.0028959388419681205	0.0035060048630590865	0.002245030208598813
0.00670268237198009	0.0028938883530409912	0.0035031936276302845	0.0022447375002754445
0.006699287101694808	0.0028918638550281548	0.0035003847090411566	0.002244478289312357
0.006695820274876044	0.002889805375385177	0.003497570610693708	0.0022442303263342403
0.006692480587444819	0.002887713870656275	0.0034948245561349247	0.0022440424748918046
0.006689068947774431	0.002885592324399842	0.0034920718120174904	0.002243865547045225
0.006685587330115648	0.0028834426076687998	0.0034893128073315714	0.0022436994709963145
0.006682106007678608	0.0028813033224587997	0.003486550048764536	0.0022435441734736127
0.006678635105410846	0.0028792052794396313	0.003483803174946474	0.0022432731553415496
0.006675065484690907	0.002877124465702552	0.0034810409231702246	0.0022428903240841475
0.006671400732849182	0.002875060929925352	0.0034782645378542494	0.002242400756465912
0.006667736063198381	0.0028729711542089067	0.0034755032915223852	0.0022419416781816683
0.0066640474941450775	0.0028708795033718995	0.003472739381843891	0.002241483628452953
0.006660311607818312	0.0028687574551550634	0.003469975962256357	0.0022410486167878008
0.006656530400727496	0.0028666197891954667	0.00346721032340388	0.0022406156337687394
0.006652752075069131	0.0028644921802163993	0.0034644427277590183	0.002240193912643374
0.0066489160104443515	0.002862340288985935	0.003461671741764079	0.0022397833918985804
0.006645023936369526	0.0028601658444176417	0.0034588977386523527	0.0022393840085721136
0.006641248595889312	0.002858054560881572	0.0034561270817811424	0.002239015945439731
0.006637416566438309	0.0028559191629646745	0.00345335391470373	0.0022386588281622394
0.006633701504669815	0.0028538494111514743	0.0034505842940385323	0.002238332941454443
0.006629929089206859	0.0028517540046783542	0.0034478126556645493	0.002238017805960225
0.00662626780766904	0.0028496340173108873	0.0034450936029106504	0.0022377584392770152
0.006622852299905362	0.0028475656414446012	0.0034424336893072085	0.0022375551278125626
0.006619693765093351	0.0028455520112282222	0.0034398393037340627	0.002237408135660656
0.006616467022553248	0.0028435112493021236	0.0034372380118943315	0.0022372711532033557
0.0066132490954325645	0.0028415095142232897	0.003434652003437233	0.0022370244689769608
0.00660996500204619	0.0028394807137465425	0.003432059250778619	0.0022367880289486707
0.006606586774120453	0.002837467753958463	0.0034294505428098723	0.0022364454165079745
0.006603207252997263	0.002835431716371615	0.0034268565816117304	0.0022361317744548845
0.006599779501864319	0.002833368506201881	0.003424261803764186	0.0022358398552215523
0.0065963527804771245	0.002831314744568569	0.0034216632999920075	0.0022355581637215766
0.006592879304975359	0.002829235583687789	0.003419064319172125	0.0022352980592150943
0.006589538221953846	0.002827193224679387	0.003416486643057312	0.002235091921220261
0.006586331929125521	0.0028251891684350364	0.0034139305762279537	0.002234940000275937
0.006583032896363814	0.0028232004545802637	0.003411359242479673	0.002234681215345485
0.006579846206868822	0.002821186229049383	0.0034088520798392697	0.002234475713543046
0.006576609721147208	0.0028191461586002903	0.0034063432452141004	0.0022342913459284454
0.006573417560861127	0.002817126011869318	0.003403835289347082	0.0022341364876057256
0.006570176278847899	0.0028150810936537667	0.003401325907513329	0.0022340025959413034
0.006566845811003816	0.0028130504936485787	0.0033988007028597617	0.0022337629923857762
0.006563429266590404	0.002811034278953409	0.0033962607866605383	0.0022334221310274594
0.006560055843635096	0.0028090378073940938	0.003393722565401087	0.002233109949382276
0.006556638811981144	0.0028070277100751035	0.0033911811999052513	0.0022327990073373253
0.006553166040476901	0.002804996527255403	0.003388635154186613	0.002232497845635473
0.006549803747084038	0.0028030235409838436	0.0033860911528288246	0.0022322252059187543
0.006546398386960907	0.00280103667314453	0.003383544649082695	0.0022319535969935024
0.006542899455420734	0.0027990558485446473	0.0033809815630379604	0.0022316043651364435
0.006539522970129462	0.0027971113334069294	0.003378437067158592	0.0022313053952583203
0.006536091461326712	0.0027951437710505103	0.003375889006586652	0.0022310160113358964
0.0065327017460946974	0.0027931956911562317	0.003373343455556736	0.0022307547052698943
0.0065292322812949485	0.002791261933383079	0.0033707878184658963	0.00223039611555636
0.006525764979684797	0.0027893369933551047	0.003368231064577391	0.0022300471712983568
0.006522338848309586	0.0027874319218948924	0.0033656772378158843	0.00222972584728912
0.006518860407491371	0.0027855032662335143	0.003363121255733841	0.002229414007002913
0.0065153828118711885	0.0027835549368298517	0.0033605772137757484	0.0022291286058474173
0.0065118546871967995	0.002781585860887884	0.0033580311003849734	0.0022288525266738845
0.006508253684479039	0.0027796302586394865	0.003355477280506759	0.002228481560311154
0.006504654629123042	0.00277765715371943	0.003352934967685755	0.002228136610062927
0.006501008765493415	0.0027756656126901964	0.0033503912055268185	0.0022278010471826286
0.006497328611660074	0.0027736638930115753	0.0033478474497868746	0.002227466795340559
0.006493615038955043	0.0027716526419384047	0.0033453038958601846	0.002227133849075793
0.006489836545651118	0.0027696537132693775	0.0033427545707796044	0.0022267095876533772
0.00648606267745651	0.0027676629045647635	0.0033402060962572527	0.0022262948085086023
0.006482394588199969	0.0027657021322630144	0.0033376720726602887	0.002225927016769144
0.006478730463076676	0.0027637495468865597	0.0033351387560713102	0.0022255685019392487
0.00647526164049652	0.0027618389716273103	0.003332644312986367	0.002225257186654571
0.006471745480781864	0.002759908858767647	0.0033301483752801266	0.0022249549359404405
0.006468340016934341	0.002758010832468254	0.0033276680036906066	0.002224700083359729
0.00646486320512272	0.002756125966453438	0.0033251804336492975	0.0022243531029019514
0.006461369363953892	0.0027542402289834783	0.0033226929001956597	0.002224006524444617
0.006457796906699044	0.0027523600337930544	0.0033201960630395277	0.0022235903901560144
0.006454228009592344	0.002750487992820606	0.003317700013263603	0.002223183439602742
0.006450662681266139	0.0027486240904310076	0.0033152049328271454	0.002222785626203029
0.006447054251010297	0.0027467400975322385	0.0033127100767148137	0.0022223969046225554
0.006443404001383083	0.002744837368712443	0.0033102157035003223	0.002222017228344182
0.006439692801063582	0.0027429470876842573	0.003307718254038945	0.002221551988991892
0.006435923070940607	0.0027410693206571294	0.0033052185464557925	0.0022210048496373804
0.006432158362875815	0.0027391994790358217	0.0033027211766415944	0.002220467005986887
0.006428476157308698	0.002737310752201035	0.00330025230936011	0.002219972529363982
0.006424755389699811	0.0027354050010230772	0.003297784017177965	0.0022194871835285153
0.006421121513493176	0.0027335477757976555	0.0032953196468094676	0.002219026586970961
0.006417458312241993	0.0027316794119790176	0.00329285694246496	0.002218567834783273
0.006413766555255774	0.00272980051979283	0.003290396068580388	0.002218110918855175
0.0064100785172822045	0.0027279070759143216	0.003287944274131336	0.002217677695181002
0.006406353455335684	0.002725998321035922	0.003285493579956277	0.0022172533483148706
0.006402601464101489	0.002724073747955166	0.0032830460912460346	0.002216846901499329
0.006398814579090027	0.002722136481010846	0.0032806000678948593	0.002216449219629515
0.006395017024516968	0.002720200295279754	0.0032781563545109006	0.00221605221541869
0.006391186246185065	0.0027182528833501855	0.0032757145279632724	0.0022156639141767778
0.006387388964716956	0.0027163186373255327	0.0032732770310085193	0.002215300046575063
0.006383567419492519	0.002714372290112532	0.003270843191387293	0.0022149538652935395
0.006379714134875352	0.0027124165666184436	0.0032684116521731164	0.0022146161856290403
0.006375830205927413	0.002710452629485899	0.003265982633378558	0.002214286964027667
0.0063719517490761594	0.0027084827408020056	0.0032635613917357054	0.002213981080025839
0.006368105610712834	0.002706523908604211	0.0032611445805650475	0.0022136994762777767
0.006364205177038518	0.0027045702907195442	0.0032587268730150435	0.002213351439616189
0.006360378864859307	0.002702647535325765	0.0032563137913225256	0.002213027411960714
0.006356522670927517	0.0027007157145357424	0.0032539038985411896	0.002212711674790137
0.006352645359117611	0.002698774818995116	0.003251498284188465	0.0022124132117335576
0.00634871687375416	0.0026968390656587687	0.0032490939405612203	0.0022120496065085324
0.006344762070447356	0.002694896545224903	0.003246693592195458	0.0022116943161319272
0.006340781957616964	0.0026929483583256605	0.003244297433376639	0.0022113472991985403
0.006336870324925178	0.0026910264276528767	0.0032419062634739893	0.00221102386438626
0.0063329708568522205	0.00268912249083438	0.003239521286217468	0.002210620571958424
0.00632905262640572	0.002687214365858138	0.003237140696365092	0.002210218804299814
0.006325109252807512	0.0026852989480367615	0.0032347644945638476	0.00220982531444302
0.00632119563684295	0.002683394333617442	0.0032323932939193776	0.002209454969980113
0.006317236110392399	0.002681494723697377	0.0032300262192862684	0.00220902316831041
0.0063132600631097754	0.0026795916953033343	0.0032276642306947947	0.0022085930115961993
0.006309241740095632	0.00267769362320426	0.0032253078755733913	0.002208103539381597
0.006305202576860624	0.0026757893179442244	0.0032229571928540533	0.002207622414742631
0.006301143496274893	0.0026738798409630376	0.0032206123513417455	0.00220714960067006
0.006297092037159394	0.002671976180501557	0.003218273341821551	0.002206685059103342
0.0062930679540878455	0.0026700821610420315	0.003215939715256559	0.002206242973520919
0.0062890561793766935	0.002668203763801109	0.0032136103182986643	0.0022057279645383665
0.006285105062821343	0.002666353783124833	0.0032112862338504657	0.0022052350537385846
0.0062811204360002084	0.0026645127615875946	0.003208969108908871	0.002204670925012439
0.00627714795070282	0.002662691006523165	0.003206655953724359	0.0022040394151678733
0.006273294916768723	0.0026608975258863373	0.0032043448617808867	0.002203444911217815
0.0062694189788151155	0.002659092575768771	0.003202038919118685	0.0022028586882767106
0.006265537835264051	0.002657288551118643	0.0031997382248632714	0.0022022739945918076
0.006261716703001884	0.0026554741378638056	0.0031974428997830753	0.002201726514355816
0.006257852685388591	0.00265366450735416	0.0031951516832284216	0.002201125824133543
0.006254051027407907	0.0026518886156000174	0.0031928653583587394	0.0022005462873109947
0.006250260870500987	0.0026501342571350235	0.003190584060452037	0.0021999015953394997
0.006246531939254538	0.0026483672376225163	0.0031883113080702708	0.0021992928561255258
0.00624280848820093	0.0026465903804809136	0.003186044471485912	0.0021987042178192484
0.0062390675026409515	0.002644801877443593	0.0031837817816259724	0.002198131027623801
0.006235309590822375	0.002643002984708682	0.0031815232791293107	0.002197573265822395
0.006231528916450644	0.002641196057293665	0.003179268537899147	0.002197023482622406
0.0062277263654737835	0.0026393821023898314	0.003177017731289138	0.002196481646041896
0.006223884186967303	0.002637572743529789	0.003174770394128418	0.0021958880397774387
0.006220048801130555	0.002635769108541784	0.0031725276164051093	0.0021953024046105357
0.006216209220817004	0.0026339672260329893	0.0031702895028957105	0.0021947182840657293
0.006212484160013371	0.002632187389796431	0.003168058671745518	0.002194169829291451
0.006208828569391558	0.0026304261591656446	0.0031658341787437383	0.002193657308270248
0.006205178260365493	0.0026286573261419866	0.00316361545944613	0.002193164642498243
0.0062015043619750385	0.002626880592451006	0.0031614001209928117	0.002192679674292257
0.006197892746099441	0.002625132580370177	0.0031591890659517455	0.0021922153228536583
0.006194274474788496	0.0026233856373593604	0.0031569817648461943	0.002191751959640781
0.006190632493551203	0.0026216299879073942	0.0031547781999777006	0.0021912961852049656
0.006186984480867788	0.0026198756671664265	0.003152578639921077	0.002190841364171723
0.006183320294161618	0.002618112762963667	0.003150383358982439	0.0021904015437881823
0.0061796219255277444	0.002616357701147068	0.0031481919446650552	0.0021898944321462623
0.006175929331346412	0.0026145968341403465	0.003146005359954318	0.0021894067440026955
